(7619, 1894, 2832)
(-1950, 6674, 7621)
(7172, 335, 4838)
(4698, 6674, 973)
(7810, -3482, 8017)
(7616, 2086, 2643)
(9444, -2709, 5610)
(4111, 5949, 2285)
(5503, 58, 6784)
(7326, 2376, 2643)
(6050, 3966, 2329)
(-1601, 4698, 9248)
(-1788, 5167, 8966)
(9949, 2460, -64)
(-681, 6753, 6273)
(1922, 9165, 1258)
(-1956, 4465, 9836)
(6276, -2578, 8647)
(5035, -1837, 9147)
(2832, 1826, 7687)
(-908, 4606, 8647)
(1377, 6384, 4584)
(7832, 21, 4492)
(8705, 5811, -2171)
(3966, 2294, 6085)
(8860, -4569, 8054)
(3731, 6384, 2230)
(6299, 3382, 2664)
(6978, -4426, 9793)
(6827, 6299, -781)
(5681, -1967, 8631)
(5076, 4465, 2804)
(9885, -4535, 6995)
(9929, 2086, 330)
(6299, 3125, 2921)
(8449, -2285, 6181)
(4584, 5891, 1870)
(451, 6358, 5536)
(6181, 2477, 3687)
(6276, 5190, 879)
(587, 7728, 4030)
(3068, 2493, 6784)
(8561, 4761, -977)
(9574, -6751, 9522)
(7619, 6217, -1491)
(3284, 3709, 5352)
(4492, 7549, 304)
(-3070, 6360, 9055)
(3976, 9030, -661)
(8561, 7292, -3508)
(-1065, 8843, 4567)
(2804, 9165, 376)
(-3000, 8945, 6400)
(7112, 6674, -1441)
(3177, 2173, 6995)
(9777, 3125, -557)
(7805, -4301, 8841)
(7866, 9030, -4551)
(9444, 6039, -3138)
(-3200, 9929, 5616)
(5867, -2578, 9056)
(5479, 8843, -1977)
(7220, 6097, -972)
(5135, 9682, -2472)
(7793, -2812, 7364)
(6615, -1483, 7213)
(3804, 1572, 6969)
(4611, 6462, 1272)
(9817, -5265, 7793)
(1922, 1053, 9370)
(4217, 335, 7793)
(2450, 3485, 6410)
(3382, 9682, -719)
(5949, 3147, 3249)
(4169, 8945, -769)
(6462, -1967, 7850)
(9554, 5076, -2285)
(4611, 5123, 2611)
(5949, 6384, 12)
(-224, 2978, 9591)
(-2503, 7813, 7035)
(8024, 3607, 714)
(6827, 6287, -769)
(7866, 1882, 2597)
(1631, 8631, 2083)
(5503, 2450, 4392)
(9949, 7836, -5440)
(6443, 1510, 4392)
(5610, 9672, -2937)
(5867, 5891, 587)
(97, 7172, 5076)
(-6312, 9510, 9147)
(1631, 6039, 4675)
(6532, -587, 6400)
(-6140, 9519, 8966)
(6082, -2578, 8841)
(1826, 5681, 4838)
(-3105, 5867, 9583)
(-6826, 9622, 9549)
(3969, -39, 8415)
(6646, -340, 6039)
(7468, 6674, -1797)
(7380, -2168, 7133)
(9520, 4498, -1673)
(5477, 7216, -348)
(4675, -347, 8017)
(9370, 2376, 599)
(5344, -2255, 9256)
(4392, 904, 7049)
(7112, 9287, -4054)
(4675, 7759, -89)
(8024, -2056, 6377)
(9073, -3105, 6377)
(7616, 5543, -814)
(4611, 7017, 717)
(-3105, 8415, 7035)
(1826, 5167, 5352)
(9165, -5583, 8763)
(7832, 5167, -654)
(6658, 8414, -2727)
(-2021, 7153, 7213)
(2230, 6346, 3769)
(2454, 2086, 7805)
(7616, -1837, 6566)
(1775, 2997, 7573)
(-1267, 4465, 9147)
(9817, -2056, 4584)
(5965, -2862, 9242)
(1826, 5541, 4978)
(5352, -2222, 9215)
(7759, -3035, 7621)
(6056, 7783, -1494)
(-2991, 7282, 8054)
(9322, -6531, 9554)
(5477, 2376, 4492)
(6085, 9462, -3202)
(5127, 4607, 2611)
(4660, 9793, -2108)
(6093, 9322, -3070)
(4675, -779, 8449)
(6039, 1171, 5135)
(4838, 5891, 1616)
(2236, 1268, 8841)
(5076, 949, 6320)
(7326, 7626, -2607)
(2313, 2819, 7213)
(2492, 1775, 8078)
(7168, 7098, -1921)
(2839, 1428, 8078)
(6384, -2960, 8921)
(-2168, 9519, 4994)
(1860, 1838, 8647)
(-1261, 7226, 6380)
(8795, 7619, -4069)
(8843, -2960, 6462)
(-1865, 7810, 6400)
(3057, 6039, 3249)
(9591, 4675, -1921)
(2832, 21, 9492)
(9836, -7308, 9817)
(8705, 6217, -2577)
(9836, -3666, 6175)
(3843, 354, 8148)
(6753, 2995, 2597)
(9492, -3900, 6753)
(3688, 7712, 945)
(9929, -7401, 9817)
(5536, -950, 7759)
(-869, 4248, 8966)
(9444, -2168, 5069)
(-3759, 8026, 8078)
(1657, 3134, 7554)
(7616, 618, 4111)
(7640, 9929, -5224)
(9893, 1184, 1268)
(-6570, 9885, 9030)
(-1327, 4831, 8841)
(7212, 2839, 2294)
(-5121, 9893, 7573)
(5503, -1306, 8148)
(2804, 6358, 3183)
(977, 6299, 5069)
(9322, 1268, 1755)
(8966, -5676, 9055)
(5952, -1083, 7476)
(9709, 2700, -64)
(5187, -1950, 9108)
(2865, 2178, 7302)
(-2171, 6462, 8054)
(9242, -4607, 7710)
(2492, 2748, 7105)
(-1961, 5891, 8415)
(5909, 2460, 3976)
(7866, -4777, 9256)
(9836, 279, 2230)
(9462, -6359, 9242)
(9672, 2173, 500)
(4567, 1378, 6400)
(6196, 1171, 4978)
(9510, 4131, -1296)
(7600, 6346, -1601)
(-3284, 9444, 6185)
(-3426, 6217, 9554)
(5694, 3688, 2963)
(8841, -2939, 6443)
(7084, 601, 4660)
(895, 6770, 4680)
(9073, 7805, -4533)
(1272, 3709, 7364)
(8024, 634, 3687)
(3804, 3382, 5159)
(8841, 2787, 717)
(5510, -1031, 7866)
(4881, 2656, 4808)
(-776, 7098, 6023)
(7153, 354, 4838)
(2329, 7212, 2804)
(2493, 2865, 6987)
(4131, 7216, 998)
(2483, 400, 9462)
(7626, 4698, 21)
(908, 9682, 1755)
(-626, 7468, 5503)
(-1106, 5811, 7640)
(9591, -2862, 5616)
(8631, 2997, 717)
(7783, 6978, -2416)
(6316, 6093, -64)
(4392, -1303, 9256)
(6995, 1377, 3973)
(3057, 9949, -661)
(6443, 335, 5567)
(6122, 1497, 4726)
(-952, 5681, 7616)
(4567, -1967, 9745)
(6589, -1608, 7364)
(2368, 4131, 5846)
(8562, -3105, 6888)
(7133, 3147, 2065)
(9885, -4752, 7212)
(2486, 3688, 6171)
(7805, -587, 5127)
(618, 2173, 9554)
(9322, -950, 3973)
(-1612, 6384, 7573)
(5949, 7172, -776)
(7813, 5477, -945)
(1510, 3125, 7710)
(2338, 7813, 2194)
(879, 2819, 8647)
(6784, 6410, -849)
(7783, 1171, 3391)
(159, 8795, 3391)
(9549, -5851, 8647)
(-1838, 9793, 4390)
(1028, 1572, 9745)
(7827, 407, 4111)
(-1441, 9322, 4464)
(6185, 7105, -945)
(5479, -347, 7213)
(6404, 400, 5541)
(7600, 6287, -1542)
(1028, 3731, 7586)
(7234, -3962, 9073)
(6995, 7380, -2030)
(9322, -641, 3664)
(7586, 1955, 2804)
(6320, 6903, -878)
(4464, 6093, 1788)
(2832, 4169, 5344)
(6827, -1570, 7088)
(-3858, 6410, 9793)
(-672, 5167, 7850)
(6023, 3073, 3249)
(-3333, 7600, 8078)
(2294, 904, 9147)
(159, 7619, 4567)
(8126, 6007, -1788)
(-1034, 4131, 9248)
(-3105, 7600, 7850)
(-849, 6039, 7155)
(5344, 6287, 714)
(8966, -308, 3687)
(9462, -6666, 9549)
(973, 1627, 9745)
(-1788, 7306, 6827)
(4761, 577, 7007)
(6753, 523, 5069)
(9056, 2344, 945)
(-2194, 7712, 6827)
(1104, 3391, 7850)
(-814, 5135, 8024)
(2368, 904, 9073)
(4978, 4675, 2692)
(9073, -4301, 7573)
(2053, 1184, 9108)
(3969, 7098, 1278)
(908, 4217, 7220)
(5610, 335, 6400)
(5135, 4567, 2643)
(3183, 4698, 4464)
(7586, 1838, 2921)
(7793, 9520, -4968)
(7827, 4607, -89)
(-4748, 7583, 9510)
(3068, 7212, 2065)
(6217, -1950, 8078)
(2178, 7172, 2995)
(418, 2344, 9583)
(3001, 5891, 3453)
(-2511, 7216, 7640)
(3003, 6093, 3249)
(-557, 7168, 5734)
(1576, 5035, 5734)
(5610, -2412, 9147)
(6995, 2839, 2511)
(9591, -6502, 9256)
(2404, 2483, 7458)
(6273, 8415, -2343)
(7673, -2412, 7084)
(6316, -1837, 7866)
(3664, 1576, 7105)
(9622, -39, 2762)
(7133, 4498, 714)
(8533, 2839, 973)
(5949, 9777, -3381)
(904, 3731, 7710)
(-1034, 6077, 7302)
(7616, 9885, -5156)
(-4813, 7836, 9322)
(4492, 7805, 48)
(1053, 4465, 6827)
(1572, 7810, 2963)
(6097, 8442, -2194)
(-4748, 8945, 8148)
(6196, -383, 6532)
(2804, 7458, 2083)
(-5002, 9554, 7793)
(8966, 6316, -2937)
(-3000, 6097, 9248)
(2832, 3391, 6122)
(7155, -2168, 7358)
(7213, 4498, 634)
(7213, 6316, -1184)
(5477, 7549, -681)
(5694, 335, 6316)
(96, 9929, 2320)
(9574, 6287, -3516)
(-1016, 4146, 9215)
(9522, -1788, 4611)
(9030, 3969, -654)
(5477, 818, 6050)
(2611, 587, 9147)
(4446, 1241, 6658)
(-6832, 9929, 9248)
(5965, 7216, -836)
(7554, 818, 3973)
(7783, 4909, -347)
(9056, -1838, 5127)
(8763, 6589, -3007)
(4884, 8843, -1382)
(7220, 3060, 2065)
(-2969, 6674, 8640)
(6007, 4217, 2121)
(1576, 8533, 2236)
(2477, 7805, 2063)
(5949, 2121, 4275)
(5965, 1572, 4808)
(8533, -2153, 5965)
(-2694, 6276, 8763)
(6316, 3709, 2320)
(9242, 7172, -4069)
(7358, 5076, -89)
(2201, 4665, 5479)
(-1601, 7380, 6566)
(7292, -224, 5277)
(9574, -2708, 5479)
(9825, -7401, 9921)
(-3666, 6903, 9108)
(3230, 2839, 6276)
(-1849, 9519, 4675)
(4909, 4825, 2611)
(-2511, 7270, 7586)
(7168, 2839, 2338)
(2373, 7687, 2285)
(1497, 1775, 9073)
(5135, 4881, 2329)
(9549, -2577, 5373)
(4884, 5123, 2338)
(-2856, 5681, 9520)
(9893, 3125, -673)
(1725, 4498, 6122)
(5127, 2492, 4726)
(8763, 2995, 587)
(973, 2124, 9248)
(4172, 3709, 4464)
(7153, -4076, 9268)
(7600, 2376, 2369)
(5187, 4698, 2460)
(5187, 9885, -2727)
(618, 6217, 5510)
(7035, -869, 6179)
(6316, 7112, -1083)
(4884, 1894, 5567)
(1755, 6903, 3687)
(159, 2637, 9549)
(-5288, 7712, 9921)
(6658, 6770, -1083)
(2921, 4698, 4726)
(418, 4217, 7710)
(9462, 6384, -3501)
(-224, 5681, 6888)
(7213, 1032, 4100)
(9817, 159, 2369)
(2963, 2294, 7088)
(3966, -587, 8966)
(-2252, 9462, 5135)
(5567, 6766, 12)
(3183, -86, 9248)
(8449, 6903, -3007)
(-1608, 7421, 6532)
(3966, 8705, -326)
(9622, 3485, -762)
(9825, -91, 2611)
(7109, 2053, 3183)
(6085, 2230, 4030)
(3382, 9520, -557)
(2819, 1378, 8148)
(8562, 14, 3769)
(2477, 2819, 7049)
(7380, 9622, -4657)
(3284, 3584, 5477)
(8945, 4465, -1065)
(3998, 9622, -1275)
(8705, -3666, 7306)
(9444, -2578, 5479)
(7670, -1059, 5734)
(6404, 7216, -1275)
(5344, 6056, 945)
(2492, 5328, 4525)
(6358, 3147, 2840)
(279, 5891, 6175)
(6299, 3284, 2762)
(9574, -224, 2995)
(1241, 1378, 9726)
(5328, 895, 6122)
(7153, 2700, 2492)
(6978, 6097, -730)
(9672, 3969, -1296)
(9817, 3969, -1441)
(451, 2839, 9055)
(2921, 6175, 3249)
(-661, 4146, 8860)
(6179, 214, 5952)
(2329, 2981, 7035)
(3602, 96, 8647)
(3998, -1398, 9745)
(6056, -1327, 7616)
(6316, -1059, 7088)
(4169, 5891, 2285)
(-3128, 6225, 9248)
(9583, 4838, -2076)
(-1758, 8536, 5567)
(7112, 4929, 304)
(8562, 5891, -2108)
(5159, 2460, 4726)
(7673, 3134, 1538)
(9522, 758, 2065)
(7306, -1956, 6995)
(6007, 5167, 1171)
(1922, 7759, 2664)
(7155, 8026, -2836)
(-952, 6077, 7220)
(6462, 3391, 2492)
(1786, 3590, 6969)
(4611, 8415, -681)
(7035, -4239, 9549)
(3976, 3485, 4884)
(-1106, 9682, 3769)
(4607, 9246, -1508)
(9165, 1425, 1755)
(2404, 2320, 7621)
(2083, 7619, 2643)
(9554, -1601, 4392)
(6181, -941, 7105)
(3964, 5541, 2840)
(7805, 9777, -5237)
(9510, -86, 2921)
(-641, 9929, 3057)
(4131, 1894, 6320)
(4909, 5681, 1755)
(4607, 9622, -1884)
(6273, 945, 5127)
(5536, 6462, 347)
(7234, 4611, 500)
(7866, 2997, 1482)
(2320, 1378, 8647)
(895, 3584, 7866)
(2602, 6903, 2840)
(5681, -2578, 9242)
(3607, 9519, -781)
(8442, 9519, -5616)
(8442, 2178, 1725)
(2012, 6646, 3687)
(407, 6903, 5035)
(9622, -3450, 6173)
(2097, 3848, 6400)
(7035, 6287, -977)
(1378, 1894, 9073)
(7458, 8414, -3527)
(8561, -2969, 6753)
(-3858, 7282, 8921)
(8561, 2839, 945)
(9709, 159, 2477)
(7554, -4069, 8860)
(3969, 6287, 2089)
(14, 7172, 5159)
(-762, 7084, 6023)
(6056, 2602, 3687)
(5543, -2708, 9510)
(7832, 6007, -1494)
(9444, -2222, 5123)
(8017, 6358, -2030)
(4275, 2454, 5616)
(5909, -1185, 7621)
(8945, -2862, 6262)
(-1849, 7836, 6358)
(5190, 7712, -557)
(9623, 1184, 1538)
(5123, -236, 7458)
(6753, 3804, 1788)
(3843, 1268, 7234)
(-1865, 6360, 7850)
(-2511, 8536, 6320)
(-1325, 3998, 9672)
(7270, 9929, -4854)
(9108, 8442, -5205)
(1028, 3485, 7832)
(5124, -1835, 9056)
(-6271, 9246, 9370)
(-1327, 6346, 7326)
(6978, 6646, -1279)
(5190, 7836, -681)
(6056, -1398, 7687)
(6093, 908, 5344)
(9108, 908, 2329)
(9444, -1075, 3976)
(8640, 7306, -3601)
(2859, 7421, 2065)
(9554, -3775, 6566)
(2053, 8795, 1497)
(8533, 2344, 1468)
(4607, -1122, 8860)
(5610, 9287, -2552)
(376, 4881, 7088)
(7112, -952, 6185)
(8841, -526, 4030)
(9574, 1826, 945)
(8841, 6007, -2503)
(3147, 3688, 5510)
(9929, -2708, 5124)
(2063, 6007, 4275)
(-3138, 6410, 9073)
(4881, 6276, 1188)
(8966, 9510, -6131)
(7832, 4465, 48)
(6658, 618, 5069)
(7270, 3607, 1468)
(8640, 7759, -4054)
(6175, -1884, 8054)
(9203, 1053, 2089)
(-6312, 9287, 9370)
(3391, 8536, 418)
(2762, 7270, 2313)
(9591, 3590, -836)
(6196, 7640, -1491)
(-1977, 7234, 7088)
(5846, 7153, -654)
(9522, -4535, 7358)
(7109, 1572, 3664)
(4881, 1268, 6196)
(7380, -3450, 8415)
(9248, 5127, -2030)
(7017, 6097, -769)
(634, 9622, 2089)
(9510, 2121, 714)
(6196, 3485, 2664)
(8763, -3413, 6995)
(-2285, 7172, 7458)
(9520, 5190, -2365)
(2656, 3607, 6082)
(6566, 7270, -1491)
(4172, 5681, 2492)
(4611, 9030, -1296)
(9836, 1922, 587)
(7084, -1788, 7049)
(4131, 908, 7306)
(4567, 9949, -2171)
(2194, 7866, 2285)
(8561, 6287, -2503)
(6995, -2204, 7554)
(973, 5187, 6185)
(9242, 9929, -6826)
(1543, 7619, 3183)
(451, 2450, 9444)
(9203, -6073, 9215)
(5965, 3688, 2692)
(5909, 3688, 2748)
(-3000, 7759, 7586)
(2201, 9510, 634)
(-2255, 7712, 6888)
(7212, -1267, 6400)
(8763, 4665, -1083)
(7586, -2862, 7621)
(-1542, 7712, 6175)
(-849, 5344, 7850)
(6784, -1673, 7234)
(-526, 9622, 3249)
(1032, 6384, 4929)
(3230, 1428, 7687)
(-3509, 6410, 9444)
(-3932, 9242, 7035)
(5187, 2483, 4675)
(7133, 2839, 2373)
(-1921, 7866, 6400)
(8631, 6217, -2503)
(2404, 9893, 48)
(-4302, 7098, 9549)
(4978, -91, 7458)
(4606, 9623, -1884)
(5344, 6039, 962)
(1497, 2700, 8148)
(4675, 9165, -1495)
(7554, -2567, 7358)
(-1303, 6346, 7302)
(7810, 6077, -1542)
(4217, 6646, 1482)
(9682, -1306, 3969)
(2065, 2978, 7302)
(5854, 7468, -977)
(7292, 7109, -2056)
(5159, 9793, -2607)
(6122, 6287, -64)
(-5918, 9623, 8640)
(-308, 6276, 6377)
(4525, -1327, 9147)
(-1601, 7626, 6320)
(4761, 2978, 4606)
(-6502, 9030, 9817)
(2748, 2121, 7476)
(418, 6360, 5567)
(8449, 4665, -769)
(3068, 6276, 3001)
(8536, -6140, 9949)
(5076, 282, 6987)
(4680, 9462, -1797)
(-2577, 7306, 7616)
(9591, 1272, 1482)
(6753, 2981, 2611)
(2637, 7216, 2492)
(5503, 5495, 1347)
(1860, 9108, 1377)
(-2694, 7212, 7827)
(-4054, 8533, 7866)
(9444, 7226, -4325)
(1188, 4884, 6273)
(9583, 7616, -4854)
(6082, -3482, 9745)
(1882, 3848, 6615)
(9591, -6301, 9055)
(7710, 6978, -2343)
(2320, 1576, 8449)
(9929, 9622, -7206)
(3485, 6217, 2643)
(7810, -4721, 9256)
(9462, -5265, 8148)
(6122, -1398, 7621)
(8017, 9777, -5449)
(-1601, 6360, 7586)
(7326, -3035, 8054)
(7458, 9885, -4998)
(6262, 6737, -654)
(2762, 9672, -89)
(7213, -2194, 7326)
(4611, 6196, 1538)
(7832, 1510, 3003)
(-3997, 9108, 7234)
(-1768, 7728, 6385)
(717, 6766, 4862)
(3106, 3068, 6171)
(6082, 3969, 2294)
(1032, 4698, 6615)
(1104, 1687, 9554)
(4675, 9623, -1953)
(5477, 279, 6589)
(4111, 1576, 6658)
(1278, 3709, 7358)
(1860, 8165, 2320)
(6566, 1104, 4675)
(4838, 7007, 500)
(1616, 8640, 2089)
(9554, -1185, 3976)
(-5452, 8582, 9215)
(-3666, 7380, 8631)
(1188, 9287, 1870)
(717, 5543, 6085)
(418, 2483, 9444)
(6320, -3231, 9256)
(-2252, 9030, 5567)
(97, 6077, 6171)
(7133, -4624, 9836)
(4607, 3969, 3769)
(3843, 2656, 5846)
(7759, 6077, -1491)
(6658, 2995, 2692)
(5328, -1398, 8415)
(6181, 7109, -945)
(7476, 6360, -1491)
(8533, -3858, 7670)
(-6832, 9623, 9554)
(7805, -2213, 6753)
(9622, -7070, 9793)
(7380, 2178, 2787)
(9793, 214, 2338)
(9510, -6025, 8860)
(6320, -1059, 7084)
(9726, 8415, -5796)
(9793, 895, 1657)
(7728, 2493, 2124)
(9623, 4217, -1495)
(-3130, 7421, 8054)
(8705, 639, 3001)
(2840, 7220, 2285)
(8966, -3509, 6888)
(1786, 4825, 5734)
(1922, 4248, 6175)
(3003, 8966, 376)
(3664, 4217, 4464)
(2368, 8705, 1272)
(3382, 3590, 5373)
(6039, 3709, 2597)
(-1788, 7380, 6753)
(5344, 601, 6400)
(-1016, 5495, 7866)
(9591, -86, 2840)
(2063, 3177, 7105)
(6287, -1075, 7133)
(5069, 9073, -1797)
(-2056, 5541, 8860)
(-4551, 7640, 9256)
(6179, 8582, -2416)
(-814, 6978, 6181)
(9165, 7112, -3932)
(2338, 3607, 6400)
(8024, 2839, 1482)
(6122, -39, 6262)
(9492, 6380, -3527)
(9709, -3231, 5867)
(7292, 7836, -2783)
(3966, -1570, 9949)
(7586, 1576, 3183)
(3966, 9287, -908)
(3602, 7112, 1631)
(6122, 7168, -945)
(6056, 3969, 2320)
(3976, 6056, 2313)
(8582, -1306, 5069)
(8017, -2204, 6532)
(-1083, 4172, 9256)
(9520, -4409, 7234)
(-4748, 7172, 9921)
(-1783, 9522, 4606)
(7836, 5891, -1382)
(2656, 4146, 5543)
(2787, 7098, 2460)
(7017, -4226, 9554)
(7549, 6404, -1608)
(1576, 9287, 1482)
(5610, 2762, 3973)
(9622, 4831, -2108)
(6753, 9108, -3516)
(9817, 7216, -4688)
(5854, 5167, 1324)
(5909, 7109, -673)
(2995, 8026, 1324)
(7292, -4189, 9242)
(3976, 5510, 2859)
(-3128, 6217, 9256)
(4525, 2086, 5734)
(-1065, 3966, 9444)
(7035, -2838, 8148)
(8449, 7112, -3216)
(9672, 9682, -7009)
(-308, 9519, 3134)
(-1570, 6299, 7616)
(1860, 6093, 4392)
(4665, 97, 7583)
(8148, 4978, -781)
(9777, -2193, 4761)
(1347, 3382, 7616)
(-6380, 9510, 9215)
(21, 3068, 9256)
(2460, 5495, 4390)
(2012, 5495, 4838)
(407, 9246, 2692)
(7810, -1075, 5610)
(6358, 5891, 96)
(-1122, 7282, 6185)
(4446, 2053, 5846)
(6589, 6410, -654)
(1188, 5035, 6122)
(2963, 8795, 587)
(-1968, 6287, 8026)
(6589, 9825, -4069)
(7687, 1657, 3001)
(9492, 2477, 376)
(6589, 4498, 1258)
(4675, -1296, 8966)
(-2187, 6978, 7554)
(9672, -308, 2981)
(-3601, 8582, 7364)
(5190, 3607, 3548)
(-1034, 6384, 6995)
(6175, 9929, -3759)
(3203, 8795, 347)
(9462, 7133, -4250)
(1725, 7619, 3001)
(-6666, 9519, 9492)
(2454, 3125, 6766)
(4881, 6360, 1104)
(9248, 500, 2597)
(6784, 5909, -348)
(4392, 1576, 6377)
(8562, 96, 3687)
(6273, -1016, 7088)
(8054, 1922, 2369)
(7810, -3193, 7728)
(-3035, 5495, 9885)
(9622, 4217, -1494)
(1032, 7626, 3687)
(-5043, 7805, 9583)
(-526, 6646, 6225)
(7212, 2656, 2477)
(7783, 3848, 714)
(1543, 6410, 4392)
(1576, 7712, 3057)
(2369, 7172, 2804)
(1104, 6674, 4567)
(-1788, 7098, 7035)
(8533, -4819, 8631)
(8705, 187, 3453)
(8582, -3450, 7213)
(4929, 1241, 6175)
(-5440, 8415, 9370)
(2201, 2294, 7850)
(6978, 3284, 2083)
(6410, -2213, 8148)
(7109, 6358, -1122)
(9055, -1837, 5127)
(-776, 5567, 7554)
(7292, -3509, 8562)
(1028, 5965, 5352)
(6039, 354, 5952)
(2865, 639, 8841)
(6589, 7640, -1884)
(4884, 97, 7364)
(-2709, 7468, 7586)
(6443, 4929, 973)
(2981, 601, 8763)
(6196, 1657, 4492)
(1955, 6360, 4030)
(-3509, 6077, 9777)
(8561, 3848, -64)
(-86, 3284, 9147)
(6007, 8414, -2076)
(4994, 4217, 3134)
(9921, 2376, 48)
(9893, 9246, -6794)
(-1612, 4465, 9492)
(9745, 7805, -5205)
(3073, 6903, 2369)
(6039, 8795, -2489)
(9554, 6007, -3216)
(2355, 2124, 7866)
(-7000, 9520, 9825)
(-1491, 7813, 6023)
(5811, 214, 6320)
(-224, 6384, 6185)
(3687, 5854, 2804)
(7234, -1884, 6995)
(-2255, 9622, 4978)
(6589, -1865, 7621)
(-1184, 8945, 4584)
(3147, 9287, -89)
(1510, 3848, 6987)
(1922, 7619, 2804)
(818, 2454, 9073)
(9726, -6751, 9370)
(-4239, 9030, 7554)
(-5092, 9709, 7728)
(8165, -5374, 9554)
(1922, 7583, 2840)
(6050, -3450, 9745)
(7133, -2638, 7850)
(8414, -950, 4881)
(6007, 3590, 2748)
(8126, -3509, 7728)
(7813, 5811, -1279)
(-5230, 7626, 9949)
(6316, -3026, 9055)
(4808, 3147, 4390)
(5124, -1542, 8763)
(9549, -4777, 7573)
(-1522, 4611, 9256)
(9709, 1378, 1258)
(-6520, 9623, 9242)
(758, 5187, 6400)
(-3345, 7673, 8017)
(9549, 1538, 1258)
(-681, 6039, 6987)
(2053, 5681, 4611)
(-1788, 6978, 7155)
(5479, 5328, 1538)
(6175, -3200, 9370)
(8561, 2460, 1324)
(6299, 1184, 4862)
(2819, 895, 8631)
(-2945, 6217, 9073)
(7153, 214, 4978)
(-6818, 9242, 9921)
(7326, 8026, -3007)
(6658, 9492, -3805)
(2313, 3836, 6196)
(9921, 2981, -557)
(3836, 1894, 6615)
(5190, -2638, 9793)
(5076, -2567, 9836)
(3981, -1185, 9549)
(8017, -3130, 7458)
(1860, 6039, 4446)
(618, 2178, 9549)
(7640, 7810, -3105)
(8536, 2178, 1631)
(5854, 9591, -3100)
(-64, 8640, 3769)
(-348, 6316, 6377)
(7783, -3231, 7793)
(4275, 2460, 5610)
(4172, -1075, 9248)
(8841, 6316, -2812)
(-878, 7850, 5373)
(3003, 6039, 3303)
(3183, 7292, 1870)
(7109, -4226, 9462)
(7468, -1075, 5952)
(-1849, 7216, 6978)
(9885, 407, 2053)
(8795, 4825, -1275)
(1657, 6077, 4611)
(-1483, 5811, 8017)
(4929, 58, 7358)
(-673, 4994, 8024)
(7827, -641, 5159)
(4611, 9242, -1508)
(2338, 3836, 6171)
(7759, 9554, -4968)
(8148, 6273, -2076)
(6443, -1768, 7670)
(7306, -1968, 7007)
(3203, -779, 9921)
(2355, 3590, 6400)
(6299, 2978, 3068)
(8843, -4226, 7728)
(6360, -2856, 8841)
(8126, -4624, 8843)
(1755, 3485, 7105)
(5352, 4680, 2313)
(-1383, 7549, 6179)
(6262, 3391, 2692)
(6093, -797, 7049)
(2355, 7326, 2664)
(8966, -1483, 4862)
(5124, 214, 7007)
(-730, 8415, 4660)
(8763, 7109, -3527)
(4111, 758, 7476)
(7640, 7282, -2577)
(418, 2201, 9726)
(7583, 3709, 1053)
(9108, 9030, -5793)
(4838, 5277, 2230)
(-3202, 6400, 9147)
(7270, -1106, 6181)
(-4698, 7226, 9817)
(9793, -91, 2643)
(9203, 6410, -3268)
(4606, 6082, 1657)
(7600, -5048, 9793)
(1268, 3284, 7793)
(6615, 6384, -654)
(6093, 4169, 2083)
(7358, 4611, 376)
(7600, 4831, -86)
(8126, -1956, 6175)
(9885, 4825, -2365)
(6360, 2012, 3973)
(2338, 6320, 3687)
(9492, -1758, 4611)
(6589, 6082, -326)
(2643, 7105, 2597)
(599, 8640, 3106)
(-3216, 6346, 9215)
(6050, 6384, -89)
(7640, -2753, 7458)
(7306, 9893, -4854)
(9444, -1961, 4862)
(977, 6978, 4390)
(9554, -5287, 8078)
(-1783, 6050, 8078)
(5477, -2187, 9055)
(1171, 7626, 3548)
(7155, -3957, 9147)
(6995, 2981, 2369)
(6175, 1510, 4660)
(2859, 7616, 1870)
(973, 6646, 4726)
(2194, 3966, 6185)
(8054, 1627, 2664)
(12, 7673, 4660)
(-1758, 9519, 4584)
(4111, 6766, 1468)
(2865, 1687, 7793)
(1497, 4825, 6023)
(9108, 5190, -1953)
(7710, -91, 4726)
(3068, 4831, 4446)
(3147, 6217, 2981)
(5694, 4825, 1826)
(7292, -1835, 6888)
(-1303, 9682, 3966)
(7380, 354, 4611)
(2344, 2637, 7364)
(6589, -1570, 7326)
(2124, 9622, 599)
(5352, 3998, 2995)
(2089, 2178, 8078)
(6770, -3130, 8705)
(7234, 7583, -2472)
(-1608, 5190, 8763)
(7783, -2204, 6766)
(4111, 6737, 1497)
(-1083, 7155, 6273)
(2692, 6404, 3249)
(9322, -3293, 6316)
(9893, -6751, 9203)
(8843, 1378, 2124)
(9510, -5747, 8582)
(9522, 2493, 330)
(-2021, 8414, 5952)
(6380, 6646, -681)
(9949, -6570, 8966)
(7133, -1956, 7168)
(5344, 14, 6987)
(2194, 5567, 4584)
(7049, -1673, 6969)
(-3910, 8442, 7813)
(6380, 3125, 2840)
(3981, 2748, 5616)
(8705, 4825, -1185)
(9623, 9682, -6960)
(3147, 7626, 1572)
(9462, 3230, -347)
(9574, 3607, -836)
(7306, 3382, 1657)
(8165, -2708, 6888)
(2230, 7112, 3003)
(4909, 904, 6532)
(758, 6077, 5510)
(8026, 9287, -4968)
(5541, 6217, 587)
(3584, -1075, 9836)
(7805, -1306, 5846)
(6039, 9522, -3216)
(3602, 8026, 717)
(2748, 1543, 8054)
(7710, -4956, 9591)
(2460, 9246, 639)
(-5828, 8582, 9591)
(5503, 7783, -941)
(8561, -3450, 7234)
(2355, 6987, 3003)
(9574, 577, 2194)
(9287, -4558, 7616)
(1894, 3125, 7326)
(3584, 6097, 2664)
(7133, 8414, -3202)
(5967, -2204, 8582)
(7600, 4146, 599)
(-2252, 6770, 7827)
(6753, 2486, 3106)
(8024, -2567, 6888)
(-2472, 7712, 7105)
(2368, 6674, 3303)
(601, 7133, 4611)
(9893, 3731, -1279)
(14, 4465, 7866)
(5694, 5035, 1616)
(9030, -4301, 7616)
(5328, 2450, 4567)
(2065, 6299, 3981)
(9949, 6007, -3611)
(2355, 2320, 7670)
(2121, 1775, 8449)
(8763, 2865, 717)
(8536, -952, 4761)
(-5268, 7836, 9777)
(-2838, 6217, 8966)
(-224, 3125, 9444)
(-797, 8536, 4606)
(5503, 8026, -1184)
(7476, 7212, -2343)
(3769, 5123, 3453)
(-972, 9287, 4030)
(1188, 5541, 5616)
(-2812, 7133, 8024)
(5503, 7168, -326)
(-4069, 8841, 7573)
(12, 9030, 3303)
(7640, 7805, -3100)
(9777, -1601, 4169)
(7270, 2839, 2236)
(7133, 2450, 2762)
(7549, 6287, -1491)
(7673, 639, 4033)
(-1797, 5495, 8647)
(2929, 1268, 8148)
(8843, 2178, 1324)
(7583, 9287, -4525)
(6299, 9246, -3200)
(2963, 6276, 3106)
(4675, 4217, 3453)
(-348, 4131, 8562)
(-4069, 9056, 7358)
(6262, 4825, 1258)
(2511, 7640, 2194)
(2368, 9929, 48)
(6299, -39, 6085)
(7710, 5543, -908)
(-941, 6299, 6987)
(9549, -1788, 4584)
(12, 2963, 9370)
(-3284, 7836, 7793)
(-762, 8582, 4525)
(7640, 2376, 2329)
(-64, 4392, 8017)
(8415, 6346, -2416)
(6384, 6287, -326)
(6273, 7017, -945)
(9268, -3910, 6987)
(-526, 7712, 5159)
(7827, 8843, -4325)
(7105, 7583, -2343)
(7810, -5048, 9583)
(9682, 7619, -4956)
(-348, 9510, 3183)
(3731, 6276, 2338)
(5543, 6384, 418)
(3485, 2483, 6377)
(7626, 9519, -4800)
(9522, -779, 3602)
(5541, -308, 7112)
(4838, 6039, 1468)
(-1508, 6299, 7554)
(2865, 3284, 6196)
(4390, 6085, 1870)
(1838, 2483, 8024)
(8026, -5230, 9549)
(7292, -1327, 6380)
(-776, 6589, 6532)
(1870, 7832, 2643)
(2597, 601, 9147)
(8561, 1687, 2097)
(9492, -4302, 7155)
(6262, 2053, 4030)
(9745, 8841, -6241)
(6175, 6122, 48)
(9777, 3584, -1016)
(1184, 3607, 7554)
(-1797, 6784, 7358)
(7364, 2338, 2643)
(2236, 3709, 6400)
(2486, 4881, 4978)
(-1884, 6903, 7326)
(1616, 5867, 4862)
(2477, 7583, 2285)
(-2472, 9444, 5373)
(-2511, 7380, 7476)
(2602, 7619, 2124)
(4929, -224, 7640)
(2338, 5543, 4464)
(9777, -236, 2804)
(5135, 8705, -1495)
(6175, 3976, 2194)
(5510, -641, 7476)
(-654, 9893, 3106)
(7007, 7810, -2472)
(7326, -2567, 7586)
(96, 3688, 8561)
(3969, 6007, 2369)
(2865, 6346, 3134)
(9554, 6299, -3508)
(2313, 7712, 2320)
(7554, 758, 4033)
(-2503, 6770, 8078)
(1860, 7626, 2859)
(6770, 9520, -3945)
(5543, 7583, -781)
(5867, 1894, 4584)
(1272, 8562, 2511)
(2065, 6827, 3453)
(6262, -1783, 7866)
(1497, 1882, 8966)
(5541, 1268, 5536)
(6181, -236, 6400)
(-1783, 6770, 7358)
(1241, 4831, 6273)
(-5002, 9726, 7621)
(8561, 97, 3687)
(4567, 8126, -348)
(5541, 895, 5909)
(-327, 6287, 6385)
(9591, -4819, 7573)
(9949, 6646, -4250)
(7326, -1968, 6987)
(7212, 3590, 1543)
(6358, -779, 6766)
(4465, 4498, 3382)
(9682, -340, 3003)
(-3345, 6320, 9370)
(8017, -4819, 9147)
(7640, 9030, -4325)
(5352, 818, 6175)
(8640, 7673, -3968)
(-64, 9745, 2664)
(5694, 2376, 4275)
(7616, 5510, -781)
(-2511, 6093, 8763)
(7098, -1837, 7084)
(1687, 949, 9709)
(7234, 9056, -3945)
(4994, 8536, -1185)
(6039, -2255, 8561)
(973, 4217, 7155)
(7084, 9949, -4688)
(9030, -2708, 6023)
(2700, 6097, 3548)
(-5002, 9793, 7554)
(6589, 7832, -2076)
(2929, -28, 9444)
(1838, 8442, 2065)
(-5268, 9885, 7728)
(8126, 2978, 1241)
(9520, 214, 2611)
(-4968, 9165, 8148)
(9165, -3200, 6380)
(5610, 9462, -2727)
(8414, 3584, 347)
(6056, 9622, -3333)
(4660, 4881, 2804)
(2692, 5069, 4584)
(5567, -327, 7105)
(3688, 3284, 5373)
(9287, -2753, 5811)
(7810, 2997, 1538)
(-86, 6346, 6085)
(1425, 3836, 7084)
(5328, -2709, 9726)
(-4250, 7380, 9215)
(2194, 8054, 2097)
(5510, 639, 6196)
(5123, 2832, 4390)
(8640, -3450, 7155)
(1725, 3836, 6784)
(-2945, 7832, 7458)
(8026, 2493, 1826)
(-1783, 9682, 4446)
(-3138, 9287, 6196)
(8148, 8165, -3968)
(5867, 7292, -814)
(-878, 8415, 4808)
(9893, 2978, -526)
(-908, 7168, 6085)
(21, 9520, 2804)
(9793, -3910, 6462)
(6316, 3966, 2063)
(4675, 6346, 1324)
(8966, 9073, -5694)
(8966, 2121, 1258)
(-4968, 9949, 7364)
(-2187, 6384, 8148)
(6039, 4929, 1377)
(7084, 8795, -3534)
(6737, 5190, 418)
(7017, 7212, -1884)
(7600, 2656, 2089)
(8843, -3505, 7007)
(-972, 7583, 5734)
(9492, 4909, -2056)
(1497, 6384, 4464)
(5965, -3413, 9793)
(2486, 7216, 2643)
(8561, 5167, -1383)
(5352, 335, 6658)
(8536, -39, 3848)
(2493, 3590, 6262)
(8449, 3848, 48)
(6978, 7619, -2252)
(8536, 4825, -1016)
(6196, 4825, 1324)
(9522, 159, 2664)
(7476, 5846, -977)
(-1783, 7133, 6995)
(7554, 7728, -2937)
(5123, 949, 6273)
(4131, 4248, 3966)
(7109, 374, 4862)
(5277, 895, 6173)
(9836, -3345, 5854)
(6050, 7109, -814)
(304, 9672, 2369)
(-5449, 8647, 9147)
(9709, -5230, 7866)
(-526, 7017, 5854)
(-347, 4131, 8561)
(2121, 407, 9817)
(9672, 5811, -3138)
(5069, 4275, 3001)
(5909, 9574, -3138)
(2450, 6646, 3249)
(8966, -5268, 8647)
(9055, 7049, -3759)
(9242, 818, 2285)
(8017, 3981, 347)
(4761, 2700, 4884)
(5536, 2637, 4172)
(9520, -3231, 6056)
(-3666, 7168, 8843)
(8705, -1837, 5477)
(6753, -1884, 7476)
(5536, -1838, 8647)
(1272, 9203, 1870)
(6320, 7783, -1758)
(2294, 5167, 4884)
(3966, 5076, 3303)
(7358, 2376, 2611)
(-1570, 5891, 8024)
(2236, 2997, 7112)
(977, 9030, 2338)
(-39, 9519, 2865)
(3976, 5965, 2404)
(7380, 7468, -2503)
(5124, 9242, -2021)
(4584, 1576, 6185)
(9522, 4994, -2171)
(6196, 5187, 962)
(5127, 5135, 2083)
(2859, 7292, 2194)
(2493, 1687, 8165)
(7049, 2492, 2804)
(-2945, 9444, 5846)
(-3268, 6753, 8860)
(7728, -950, 5567)
(-2991, 7626, 7710)
(1687, 4248, 6410)
(3709, 949, 7687)
(407, 5495, 6443)
(3284, 2012, 7049)
(2748, 2602, 6995)
(7710, -3231, 7866)
(6225, 3125, 2995)
(9055, 9817, -6527)
(4862, 9591, -2108)
(3848, 9682, -1185)
(7673, 4761, -89)
(2313, 977, 9055)
(-3035, 9287, 6093)
(-1956, 7712, 6589)
(4675, 9726, -2056)
(717, 2988, 8640)
(8795, 2173, 1377)
(2819, -28, 9554)
(5352, 3391, 3602)
(5510, 1268, 5567)
(-1542, 6674, 7213)
(-908, 8126, 5127)
(5124, 6276, 945)
(7827, 9520, -5002)
(634, 2656, 9055)
(-3997, 7421, 8921)
(577, 5495, 6273)
(7213, 7109, -1977)
(5159, 1576, 5610)
(9165, 9682, -6502)
(7302, -3105, 8148)
(6385, -1075, 7035)
(-2489, 8561, 6273)
(8582, 7832, -4069)
(-7023, 9777, 9591)
(7153, -2567, 7759)
(6532, -1275, 7088)
(1425, 4881, 6039)
(1725, 9622, 998)
(634, 6903, 4808)
(5069, 5187, 2089)
(6753, 9203, -3611)
(717, 2981, 8647)
(6175, 2483, 3687)
(6987, 1377, 3981)
(1497, 4994, 5854)
(7793, 1955, 2597)
(451, 6384, 5510)
(1775, 9246, 1324)
(1882, 4498, 5965)
(8647, 4675, -977)
(7084, 3391, 1870)
(7302, -3035, 8078)
(2313, 4465, 5567)
(5076, 9623, -2354)
(279, 2173, 9893)
(5694, -327, 6978)
(7549, 7212, -2416)
(8024, 2997, 1324)
(5867, 9030, -2552)
(-5205, 9929, 7621)
(-1106, 6217, 7234)
(5124, 2637, 4584)
(5541, -869, 7673)
(1188, 9885, 1272)
(3183, 6056, 3106)
(1032, 8945, 2368)
(-5016, 7468, 9893)
(8795, 2012, 1538)
(9929, 3230, -814)
(1543, 8705, 2097)
(9554, -3482, 6273)
(4884, 159, 7302)
(9777, 9246, -6678)
(3664, 9462, -781)
(7759, 1894, 2692)
(8763, 5076, -1494)
(4884, 2997, 4464)
(6082, 6646, -383)
(-327, 6410, 6262)
(5328, 451, 6566)
(1826, 4909, 5610)
(5167, -2567, 9745)
(-2960, 6674, 8631)
(4248, 5495, 2602)
(-1306, 6097, 7554)
(5681, 3607, 3057)
(4825, 7216, 304)
(8126, 7421, -3202)
(9574, 451, 2320)
(6039, -1267, 7573)
(-1783, 7728, 6400)
(634, 4606, 7105)
(1324, 5069, 5952)
(-762, 7155, 5952)
(6056, -91, 6380)
(1838, 9793, 714)
(3973, 2201, 6171)
(3966, -869, 9248)
(9825, 9726, -7206)
(7234, 451, 4660)
(9165, 895, 2285)
(6380, -308, 6273)
(9825, -4956, 7476)
(7687, 6766, -2108)
(7133, -4232, 9444)
(6299, 97, 5949)
(7476, 7421, -2552)
(-4813, 9682, 7476)
(6360, 6646, -661)
(2859, 6646, 2840)
(9836, 639, 1870)
(-5747, 8945, 9147)
(-224, 3709, 8860)
(1576, 8126, 2643)
(7112, 2865, 2368)
(1538, 4275, 6532)
(5123, 4909, 2313)
(-1275, 9520, 4100)
(4446, 904, 6995)
(8631, 7783, -4069)
(-2187, 7168, 7364)
(7832, 2450, 2063)
(1576, 8414, 2355)
(9203, 5694, -2552)
(4761, 1184, 6400)
(8054, -1325, 5616)
(3203, 282, 8860)
(4881, 6646, 818)
(5352, 6646, 347)
(-1884, 9554, 4675)
(7306, 3284, 1755)
(2839, 4698, 4808)
(4862, 7153, 330)
(904, 6097, 5344)
(2460, 3485, 6400)
(8536, -1267, 5076)
(8843, -1306, 4808)
(-681, 8562, 4464)
(7670, -941, 5616)
(3382, 3836, 5127)
(7292, 2929, 2124)
(7306, -1849, 6888)
(7220, 6737, -1612)
(2236, 5503, 4606)
(3203, 2376, 6766)
(7626, 5495, -776)
(5867, -2153, 8631)
(4111, 3709, 4525)
(9777, -5048, 7616)
(7109, 9893, -4657)
(279, 5681, 6385)
(5734, 2511, 4100)
(4884, 6827, 634)
(2511, 7549, 2285)
(-1325, 6097, 7573)
(-1261, 7017, 6589)
(9591, 6674, -3920)
(1377, 3382, 7586)
(5867, 282, 6196)
(6056, 2178, 4111)
(-2577, 7810, 7112)
(-6172, 9462, 9055)
(8024, 1657, 2664)
(9574, -6376, 9147)
(9672, -1303, 3976)
(6360, -2163, 8148)
(3485, 8442, 418)
(-236, 5811, 6770)
(9709, 4248, -1612)
(-3516, 7783, 8078)
(7084, 7212, -1951)
(304, 4248, 7793)
(-1483, 8705, 5123)
(2236, 9522, 587)
(5541, -2922, 9726)
(7805, -1327, 5867)
(7805, -4607, 9147)
(4680, 5541, 2124)
(-1296, 4994, 8647)
(9462, 818, 2065)
(304, 2492, 9549)
(6122, 2454, 3769)
(6360, 1378, 4607)
(4838, 3843, 3664)
(599, 7282, 4464)
(5123, 9949, -2727)
(7710, -3035, 7670)
(8945, 6007, -2607)
(-587, 9929, 3003)
(9554, 418, 2373)
(9709, -28, 2664)
(9268, 6007, -2930)
(-1838, 5543, 8640)
(-2856, 6358, 8843)
(7380, 4248, 717)
(6097, 7282, -1034)
(9030, -2856, 6171)
(-1951, 8562, 5734)
(3060, 6217, 3068)
(4611, -1849, 9583)
(4131, 3607, 4607)
(-2862, 6646, 8561)
(2483, 3125, 6737)
(7583, 7017, -2255)
(9949, -6251, 8647)
(1028, 3607, 7710)
(8449, 7098, -3202)
(6320, 3382, 2643)
(7155, 3125, 2065)
(7583, -4608, 9370)
(2368, 7783, 2194)
(9709, -2708, 5344)
(6566, 1053, 4726)
(6532, -1075, 6888)
(5190, 2086, 5069)
(1032, 6404, 4909)
(6196, -1327, 7476)
(3804, 4698, 3843)
(6173, 3177, 2995)
(2236, 3060, 7049)
(7306, -4535, 9574)
(-1261, 7421, 6185)
(9522, -1837, 4660)
(-626, 7619, 5352)
(-4239, 9108, 7476)
(8860, 9726, -6241)
(9777, 374, 2194)
(7549, -327, 5123)
(6385, 4172, 1788)
(9522, -3200, 6023)
(9370, 5811, -2836)
(97, 4465, 7783)
(2839, 4831, 4675)
(2859, 6380, 3106)
(2065, 1032, 9248)
(7793, 1860, 2692)
(5328, 1171, 5846)
(5479, 4498, 2368)
(6753, 5681, -89)
(-849, 5328, 7866)
(9622, 7421, -4698)
(-2708, 7380, 7673)
(5123, 187, 7035)
(9949, -6751, 9147)
(4761, -2252, 9836)
(3073, 6987, 2285)
(4611, 2124, 5610)
(4978, 4446, 2921)
(-1953, 7640, 6658)
(9520, 6346, -3521)
(-86, 3590, 8841)
(8026, -2213, 6532)
(7153, 2086, 3106)
(5854, 3848, 2643)
(451, 7619, 4275)
(3804, 1775, 6766)
(8561, -2168, 5952)
(8841, 1184, 2320)
(9322, 7212, -4189)
(7226, -1106, 6225)
(4111, 8582, -348)
(4884, -1612, 9073)
(3602, 6646, 2097)
(-681, 7172, 5854)
(7640, 5541, -836)
(7153, 2819, 2373)
(7007, -3910, 9248)
(8449, 6385, -2489)
(8562, -5587, 9370)
(7270, 400, 4675)
(4567, 1826, 5952)
(3804, -1185, 9726)
(2404, 9929, 12)
(2921, 7554, 1870)
(962, 3590, 7793)
(4761, 4131, 3453)
(3003, 2454, 6888)
(6385, 1860, 4100)
(-28, 3125, 9248)
(-4607, 9682, 7270)
(-3293, 8533, 7105)
(2762, 3203, 6380)
(8966, -5481, 8860)
(7687, 7728, -3070)
(7153, -2862, 8054)
(6360, 9519, -3534)
(4884, 4498, 2963)
(5536, 3969, 2840)
(-3333, 9726, 5952)
(-348, 9444, 3249)
(7302, 1860, 3183)
(-3968, 7098, 9215)
(-7023, 9623, 9745)
(-1279, 6589, 7035)
(6122, -1570, 7793)
(-719, 6077, 6987)
(6007, -39, 6377)
(577, 4498, 7270)
(-6450, 9246, 9549)
(7640, 7712, -3007)
(3664, 4994, 3687)
(5967, 5190, 1188)
(3998, 3485, 4862)
(4611, 6410, 1324)
(2355, 7586, 2404)
(-836, 3966, 9215)
(-1034, 8795, 4584)
(-1768, 5965, 8148)
(-654, 7626, 5373)
(7458, 5541, -654)
(9929, -2168, 4584)
(279, 2483, 9583)
(6770, 7619, -2044)
(8582, 904, 2859)
(2194, 7554, 2597)
(6443, 9030, -3128)
(6179, 9777, -3611)
(7476, -2489, 7358)
(1755, 4567, 6023)
(7133, 374, 4838)
(9893, -4535, 6987)
(4675, 6173, 1497)
(7049, 7712, -2416)
(4978, 1188, 6179)
(-1275, 7220, 6400)
(-4780, 7380, 9745)
(7112, -719, 5952)
(1755, 9108, 1482)
(9745, 9709, -7109)
(3060, 6674, 2611)
(9825, 1543, 977)
(7783, -2222, 6784)
(639, 2450, 9256)
(7805, -1837, 6377)
(2230, 8026, 2089)
(-2812, 5909, 9248)
(6462, -3666, 9549)
(5567, 3230, 3548)
(1272, 9287, 1786)
(6093, -2163, 8415)
(8561, -2412, 6196)
(-3000, 6077, 9268)
(9322, 6404, -3381)
(904, 9519, 1922)
(9793, 3848, -1296)
(8449, -1950, 5846)
(6404, 374, 5567)
(6358, -3505, 9492)
(7673, -3910, 8582)
(2929, 7712, 1704)
(7728, -2969, 7586)
(3843, 9885, -1383)
(5159, -1961, 9147)
(8024, 8126, -3805)
(7586, 1510, 3249)
(6995, -673, 6023)
(6173, 3843, 2329)
(2369, 2355, 7621)
(1826, 7270, 3249)
(1272, 2995, 8078)
(6784, 1171, 4390)
(7049, 6077, -781)
(7105, 8442, -3202)
(9165, -2991, 6171)
(4665, 354, 7326)
(-1327, 3836, 9836)
(2450, 3125, 6770)
(-626, 5495, 7476)
(6179, 9682, -3516)
(7364, -3097, 8078)
(7105, 6217, -977)
(7234, 9165, -4054)
(-3381, 5909, 9817)
(-3070, 7549, 7866)
(4392, -1968, 9921)
(7212, 407, 4726)
(9574, -1835, 4606)
(-557, 3687, 9215)
(3769, 5965, 2611)
(4909, 9623, -2187)
(8631, 9520, -5806)
(7213, 6077, -945)
(9522, -5043, 7866)
(5352, -2255, 9248)
(601, 5694, 6050)
(374, 2178, 9793)
(6737, 7216, -1608)
(6007, 7216, -878)
(6056, -1075, 7364)
(6039, 4217, 2089)
(6276, -3505, 9574)
(6360, 9885, -3900)
(7270, 97, 4978)
(7619, -2638, 7364)
(-2163, 7216, 7292)
(-3450, 9519, 6276)
(5909, 7212, -776)
(9591, 4248, -1494)
(8705, 9893, -6253)
(9591, 3731, -977)
(2097, 8165, 2083)
(6179, 3060, 3106)
(5159, 2602, 4584)
(7302, -2578, 7621)
(159, 2460, 9726)
(4146, 9682, -1483)
(7827, 418, 4100)
(8562, 7728, -3945)
(-1601, 6276, 7670)
(1882, 7468, 2995)
(6566, 9287, -3508)
(6093, 4994, 1258)
(7728, -1608, 6225)
(330, 8562, 3453)
(1627, 3731, 6987)
(8536, -4752, 8561)
(9825, 904, 1616)
(2404, 2368, 7573)
(4606, 6766, 973)
(-2153, 7172, 7326)
(7468, -1950, 6827)
(2320, 5187, 4838)
(7866, 6276, -1797)
(4275, 400, 7670)
(-673, 7172, 5846)
(4611, -2187, 9921)
(6658, 3590, 2097)
(159, 6007, 6179)
(6753, -587, 6179)
(2832, 4929, 4584)
(5187, 3125, 4033)
(4111, 4465, 3769)
(7687, 5536, -878)
(6225, 8536, -2416)
(4111, 7600, 634)
(8561, -327, 4111)
(4680, 4825, 2840)
(8841, 6056, -2552)
(9073, 5328, -2056)
(-1275, 8945, 4675)
(5543, 3998, 2804)
(8841, -5643, 9147)
(-383, 3284, 9444)
(9777, 3382, -814)
(4825, 4217, 3303)
(4665, 8414, -734)
(2692, 7783, 1870)
(7112, 6082, -849)
(4111, -1034, 9268)
(8024, 7421, -3100)
(2748, 5567, 4030)
(2373, 4994, 4978)
(5681, 5167, 1497)
(-734, 7600, 5479)
(8536, -224, 4033)
(1104, 6082, 5159)
(1377, 6443, 4525)
(2376, 3584, 6385)
(6443, 1627, 4275)
(5124, 2086, 5135)
(1258, 6987, 4100)
(-2694, 8843, 6196)
(9949, -3450, 5846)
(8533, 9885, -6073)
(-641, 5694, 7292)
(6770, 2978, 2597)
(1922, 9709, 714)
(6615, 4248, 1482)
(5694, -1059, 7710)
(8414, -3756, 7687)
(97, 5495, 6753)
(5124, 1171, 6050)
(-236, 6410, 6171)
(9583, 407, 2355)
(4567, 5681, 2097)
(-869, 5190, 8024)
(8795, 7216, -3666)
(5187, 4665, 2493)
(6770, -2153, 7728)
(6320, 2477, 3548)
(8017, 7836, -3508)
(908, 8945, 2492)
(9462, 3966, -1083)
(2065, 6316, 3964)
(6093, -2856, 9108)
(9549, 2748, 48)
(3485, 7619, 1241)
(-2163, 7282, 7226)
(-5462, 9246, 8561)
(7212, -2193, 7326)
(9248, 6299, -3202)
(-6794, 9322, 9817)
(4665, -2213, 9893)
(1826, 4665, 5854)
(6093, 1572, 4680)
(-1865, 4465, 9745)
(6050, -1031, 7326)
(7673, 9793, -5121)
(9554, -2187, 4978)
(7673, -1601, 6273)
(1725, 1378, 9242)
(4761, -86, 7670)
(6056, 3485, 2804)
(-2489, 7213, 7621)
(6360, 5167, 818)
(9709, 3485, -849)
(6093, 3848, 2404)
(1657, 3230, 7458)
(4761, 9949, -2365)
(-1059, 7282, 6122)
(6978, 3485, 1882)
(2063, 5123, 5159)
(9073, -4752, 8024)
(9522, 9793, -6970)
(5352, -91, 7084)
(5909, -2204, 8640)
(4994, 5694, 1657)
(96, 2700, 9549)
(9520, -1306, 4131)
(2063, 4909, 5373)
(3203, 2173, 6969)
(9574, 5187, -2416)
(7380, -2862, 7827)
(7626, 2483, 2236)
(3584, 9287, -526)
(9622, -4569, 7292)
(9893, 97, 2355)
(7109, -2222, 7458)
(9885, 4248, -1788)
(3602, 9519, -776)
(-797, 9893, 3249)
(9462, 6410, -3527)
(9929, 6384, -3968)
(7810, 6384, -1849)
(-2285, 5867, 8763)
(7759, 1838, 2748)
(2832, 5965, 3548)
(-2171, 4680, 9836)
(-1261, 7583, 6023)
(8562, 5277, -1494)
(6784, -1327, 6888)
(96, 6770, 5479)
(9268, 3731, -654)
(8582, -4799, 8562)
(9108, -1601, 4838)
(9672, 2086, 587)
(-681, 8442, 4584)
(1870, 7226, 3249)
(-4212, 8533, 8024)
(-1838, 7783, 6400)
(9554, -4535, 7326)
(6023, 949, 5373)
(6225, -1673, 7793)
(8582, -3858, 7621)
(8631, -3293, 7007)
(9522, 3731, -908)
(4111, 908, 7326)
(7226, -4607, 9726)
(-797, 6358, 6784)
(9885, -4624, 7084)
(-2365, 9583, 5127)
(2089, 7007, 3249)
(3068, -672, 9949)
(9268, -587, 3664)
(7554, 1104, 3687)
(2230, 6082, 4033)
(2344, 9287, 714)
(2460, 7600, 2285)
(-3432, 7216, 8561)
(9554, 5891, -3100)
(-797, 4994, 8148)
(4446, 9929, -2030)
(3003, 3969, 5373)
(3998, 7468, 879)
(7783, -2708, 7270)
(-1612, 6287, 7670)
(2492, 3731, 6122)
(5543, 577, 6225)
(7616, -5016, 9745)
(-1382, 4761, 8966)
(945, 3607, 7793)
(9709, -327, 2963)
(7358, 523, 4464)
(5867, 8843, -2365)
(187, 3709, 8449)
(2173, 7712, 2460)
(6093, -1106, 7358)
(9949, -3775, 6171)
(4567, -869, 8647)
(7035, 5867, -557)
(7035, -4060, 9370)
(8561, -1783, 5567)
(4675, 97, 7573)
(2053, 8945, 1347)
(3203, 7282, 1860)
(977, 5187, 6181)
(-4212, 9522, 7035)
(9929, -4752, 7168)
(9520, -1835, 4660)
(6978, -672, 6039)
(2201, 3969, 6175)
(-1951, 8442, 5854)
(-2503, 8763, 6085)
(3106, 2839, 6400)
(2832, 8536, 977)
(-849, 6225, 6969)
(9682, 4831, -2168)
(-1075, 8442, 4978)
(-672, 5190, 7827)
(6615, -3130, 8860)
(587, 7098, 4660)
(6400, 2492, 3453)
(8640, 9836, -6131)
(4675, 2486, 5184)
(-2204, 6384, 8165)
(7619, 5495, -769)
(-836, 6093, 7088)
(7226, 4146, 973)
(1278, 7380, 3687)
(6380, -1608, 7573)
(2921, 6827, 2597)
(3303, 7172, 1870)
(5123, 5352, 1870)
(9322, -3509, 6532)
(4169, 159, 8017)
(7084, 7282, -2021)
(8582, -2412, 6175)
(-3333, 6410, 9268)
(-1034, 9777, 3602)
(3976, 2173, 6196)
(9929, 8442, -6026)
(5076, 9246, -1977)
(6766, 6360, -781)
(6658, 9203, -3516)
(1241, 1268, 9836)
(8165, 8705, -4525)
(7084, 4761, 500)
(6050, 5965, 330)
(3147, 2086, 7112)
(1826, 9885, 634)
(-3000, 9322, 6023)
(8841, -5462, 8966)
(6082, 354, 5909)
(9591, -2856, 5610)
(5124, 2460, 4761)
(8561, 4465, -681)
(9929, 7216, -4800)
(7098, 3590, 1657)
(9623, 354, 2368)
(2988, 2997, 6360)
(7213, -1837, 6969)
(-626, 7836, 5135)
(7155, 7220, -2030)
(7220, 2787, 2338)
(7270, 9287, -4212)
(2053, 2460, 7832)
(2988, 6903, 2454)
(3966, 758, 7621)
(4761, 1268, 6316)
(6766, 3709, 1870)
(1278, 2012, 9055)
(1347, 3843, 7155)
(-2577, 5867, 9055)
(-6790, 9893, 9242)
(5681, 6077, 587)
(7468, 2012, 2865)
(7282, 7216, -2153)
(3125, 6217, 3003)
(-2354, 7712, 6987)
(9522, 7600, -4777)
(2454, 7380, 2511)
(58, 5967, 6320)
(-814, 7549, 5610)
(9574, 279, 2492)
(7458, 1704, 3183)
(-1034, 6410, 6969)
(-5016, 9885, 7476)
(3843, 5891, 2611)
(8705, 3731, -91)
(-6719, 9287, 9777)
(4665, 374, 7306)
(3969, 7468, 908)
(9672, -6771, 9444)
(5543, -86, 6888)
(6766, 8795, -3216)
(6969, 2865, 2511)
(-2153, 8442, 6056)
(5076, 1184, 6085)
(6766, 818, 4761)
(6056, 6615, -326)
(2313, 2997, 7035)
(282, 2178, 9885)
(9885, -6788, 9248)
(5352, 908, 6085)
(1543, 2997, 7805)
(4838, 2832, 4675)
(5373, 1788, 5184)
(6039, 8414, -2108)
(5187, 3177, 3981)
(5610, 8843, -2108)
(4030, 3731, 4584)
(7153, -1185, 6377)
(9921, 335, 2089)
(9108, 4498, -1261)
(5352, 7216, -223)
(-941, 9622, 3664)
(6385, 7468, -1508)
(9462, -719, 3602)
(9893, 6384, -3932)
(2859, 9709, -223)
(-1495, 4584, 9256)
(8165, -4402, 8582)
(7084, 7813, -2552)
(3073, 5503, 3769)
(2762, 335, 9248)
(6093, 9520, -3268)
(5328, 1894, 5123)
(634, 1894, 9817)
(9370, -6172, 9147)
(1268, 3060, 8017)
(-952, 7212, 6085)
(4217, -1075, 9203)
(2656, 7626, 2063)
(908, 8442, 2995)
(9510, 2787, 48)
(1955, 4217, 6173)
(6173, 9242, -3070)
(-1570, 9885, 4030)
(6784, -2252, 7813)
(6658, 5187, 500)
(-2607, 7282, 7670)
(523, 2981, 8841)
(-3900, 7172, 9073)
(5510, 3382, 3453)
(-3097, 9246, 6196)
(6175, -1306, 7476)
(5187, 374, 6784)
(9510, 4217, -1382)
(-2945, 7212, 8078)
(8017, -3293, 7621)
(4726, 5536, 2083)
(-681, 9777, 3249)
(6299, -1059, 7105)
(1497, 2201, 8647)
(214, 4825, 7306)
(9777, -3482, 6050)
(7827, 5495, -977)
(-2511, 9672, 5184)
(6225, -2511, 8631)
(9929, -2578, 4994)
(5536, 5811, 998)
(7213, -2922, 8054)
(9825, -3432, 5952)
(1278, 5694, 5373)
(5952, 4607, 1786)
(3391, 7168, 1786)
(7673, -672, 5344)
(6181, 9672, -3508)
(-654, 8966, 4033)
(5190, 3125, 4030)
(4465, 6903, 977)
(-779, 7172, 5952)
(2124, 5495, 4726)
(9817, 5135, -2607)
(7783, 758, 3804)
(7728, -2709, 7326)
(7759, 2929, 1657)
(-1296, 7109, 6532)
(5543, 7836, -1034)
(-4748, 7421, 9672)
(9510, -3130, 5965)
(6173, 3804, 2368)
(7326, 9073, -4054)
(9492, 3731, -878)
(304, 9444, 2597)
(4680, 577, 7088)
(-849, 7109, 6085)
(7673, 7810, -3138)
(5344, 3998, 3003)
(-383, 4146, 8582)
(6658, 1657, 4030)
(451, 6770, 5124)
(879, 5344, 6122)
(9583, 14, 2748)
(4761, 5495, 2089)
(1775, 2787, 7783)
(6766, 7600, -2021)
(9777, -1398, 3966)
(6276, 335, 5734)
(7783, 1428, 3134)
(9591, -1279, 4033)
(5127, 818, 6400)
(3057, 3203, 6085)
(3804, 9322, -781)
(6385, -1398, 7358)
(7035, -952, 6262)
(7292, 2988, 2065)
(4862, 6225, 1258)
(4567, 5167, 2611)
(7850, 8415, -3920)
(4111, 2053, 6181)
(-2187, 7306, 7226)
(8533, 6097, -2285)
(6320, -1768, 7793)
(-327, 7810, 4862)
(3284, 2173, 6888)
(3003, 2373, 6969)
(2236, 2493, 7616)
(5846, -1122, 7621)
(97, 8945, 3303)
(5891, 7216, -762)
(-2862, 6674, 8533)
(-1758, 6276, 7827)
(3769, 3203, 5373)
(9726, 5035, -2416)
(6380, 9885, -3920)
(2368, 7380, 2597)
(6385, -236, 6196)
(-3508, 9682, 6171)
(3976, 3391, 4978)
(9165, -6312, 9492)
(4111, -626, 8860)
(2065, 7616, 2664)
(3973, 5123, 3249)
(9726, -2991, 5610)
(6753, 3976, 1616)
(-3516, 6646, 9215)
(908, 2988, 8449)
(8126, -1837, 6056)
(4881, 5967, 1497)
(3843, 6217, 2285)
(9522, -3450, 6273)
(4492, 818, 7035)
(-1106, 4248, 9203)
(374, 2086, 9885)
(3060, 2173, 7112)
(-2577, 7212, 7710)
(6316, 9949, -3920)
(-2607, 9825, 5127)
(6766, 8415, -2836)
(2995, 4825, 4525)
(6320, -1788, 7813)
(5610, 5477, 1258)
(9462, 9709, -6826)
(6056, 8705, -2416)
(1377, 5352, 5616)
(-776, 5328, 7793)
(7586, 4172, 587)
(4111, 2063, 6171)
(7573, 5541, -769)
(2236, 8026, 2083)
(8165, 3203, 977)
(9885, -3505, 5965)
(1347, 2981, 8017)
(6753, -3957, 9549)
(5352, -1031, 8024)
(6122, 4607, 1616)
(5854, 6443, 48)
(8763, 279, 3303)
(7358, 9520, -4533)
(-2343, 5541, 9147)
(639, 4248, 7458)
(9030, -1075, 4390)
(9165, 418, 2762)
(7358, 7017, -2030)
(-1325, 7270, 6400)
(7687, -526, 5184)
(3003, 7554, 1788)
(330, 5127, 6888)
(5069, 4665, 2611)
(5510, -719, 7554)
(6039, 9574, -3268)
(4390, 5344, 2611)
(2236, 9510, 599)
(6385, 2997, 2963)
(-6312, 9108, 9549)
(6404, 2978, 2963)
(6903, 8442, -3000)
(577, 2086, 9682)
(1894, 6903, 3548)
(904, 2173, 9268)
(7583, 6646, -1884)
(1378, 6287, 4680)
(7220, 6404, -1279)
(-4780, 9108, 8017)
(7832, 7583, -3070)
(5610, 7712, -977)
(5541, 7712, -908)
(9108, 2819, 418)
(8631, 6784, -3070)
(-941, 9322, 3964)
(7049, 6737, -1441)
(-3200, 7380, 8165)
(2294, 3731, 6320)
(6766, 904, 4675)
(-3932, 9745, 6532)
(6766, 3068, 2511)
(-3920, 7017, 9248)
(6766, 601, 4978)
(-1542, 6217, 7670)
(7827, 1826, 2692)
(1032, 9682, 1631)
(-587, 4169, 8763)
(5952, 5135, 1258)
(8647, -5517, 9215)
(5543, -2991, 9793)
(2313, 7421, 2611)
(1188, 2236, 8921)
(8841, 6287, -2783)
(7220, 7468, -2343)
(5811, 5187, 1347)
(8640, 7213, -3508)
(7105, -2838, 8078)
(7554, 9165, -4374)
(2236, 1053, 9056)
(9073, -3128, 6400)
(2053, 7600, 2692)
(451, 7783, 4111)
(-3138, 7813, 7670)
(6658, 879, 4808)
(9203, 6358, -3216)
(-2056, 8449, 5952)
(-1612, 9682, 4275)
(9203, 9522, -6380)
(2988, 1687, 7670)
(9522, -4226, 7049)
(7793, 1631, 2921)
(7673, -5249, 9921)
(7380, 3177, 1788)
(4607, 374, 7364)
(1543, 2637, 8165)
(2201, 3060, 7084)
(1826, 7216, 3303)
(21, 3177, 9147)
(9709, 4131, -1495)
(9520, -6766, 9591)
(9444, 818, 2083)
(3106, 9462, -223)
(2602, 3177, 6566)
(-2416, 7673, 7088)
(2460, 2997, 6888)
(9623, -6788, 9510)
(2450, 9519, 376)
(8561, -1950, 5734)
(1704, 7640, 3001)
(9745, 7133, -4533)
(8763, 2637, 945)
(5541, -672, 7476)
(6566, 8562, -2783)
(1704, 2493, 8148)
(9672, 335, 2338)
(7109, 3147, 2089)
(187, 7712, 4446)
(5694, 6737, -86)
(9462, 6404, -3521)
(9462, -4005, 6888)
(639, 9623, 2083)
(3966, 4831, 3548)
(6173, 7468, -1296)
(7710, 2978, 1657)
(8561, 6784, -3000)
(8582, -1075, 4838)
(879, 6093, 5373)
(282, 6007, 6056)
(5543, 187, 6615)
(9030, -4535, 7850)
(9322, 5495, -2472)
(7153, 9246, -4054)
(2981, 96, 9268)
(4761, 282, 7302)
(8165, 4994, -814)
(9574, 3836, -1065)
(2865, 407, 9073)
(-1921, 9682, 4584)
(7673, 282, 4390)
(8562, 1428, 2355)
(2637, 7619, 2089)
(97, 3485, 8763)
(-383, 9622, 3106)
(523, 7216, 4606)
(8024, 6737, -2416)
(5328, 9520, -2503)
(2194, 2787, 7364)
(634, 5536, 6175)
(8966, 3602, -223)
(3976, 2053, 6316)
(2602, 4881, 4862)
(945, 6674, 4726)
(7710, -4005, 8640)
(7084, 6097, -836)
(7554, -2511, 7302)
(3804, 8165, 376)
(8017, 3998, 330)
(-5098, 7626, 9817)
(8640, 9583, -5878)
(5344, 8442, -1441)
(9583, -3413, 6175)
(9444, 4698, -1797)
(9949, 3177, -781)
(8536, -1075, 4884)
(6462, 7836, -1953)
(7710, -2578, 7213)
(-2193, 5891, 8647)
(3134, 7017, 2194)
(4606, 3709, 4030)
(8763, 7098, -3516)
(7687, 4881, -223)
(4929, 758, 6658)
(6299, 5167, 879)
(282, 6217, 5846)
(6007, 7421, -1083)
(2787, 9622, -64)
(7234, 7600, -2489)
(2121, 4131, 6093)
(8533, -5048, 8860)
(7783, 3284, 1278)
(7234, -2044, 7155)
(-5616, 8705, 9256)
(-89, 7850, 4584)
(7112, 6615, -1382)
(1378, 3998, 6969)
(-4076, 7626, 8795)
(1616, 7728, 3001)
(1468, 2230, 8647)
(5127, 3969, 3249)
(9073, 8126, -4854)
(8795, 9623, -6073)
(9949, 58, 2338)
(6273, 7049, -977)
(4994, 908, 6443)
(9885, 1428, 1032)
(7098, 3709, 1538)
(7836, 6346, -1837)
(-1306, 6287, 7364)
(2493, 2376, 7476)
(6007, 6646, -308)
(-2412, 9622, 5135)
(2373, 1894, 8078)
(6276, -3756, 9825)
(4884, 2483, 4978)
(6377, 6737, -769)
(6225, 9322, -3202)
(2124, 7220, 3001)
(9165, -2193, 5373)
(-836, 8054, 5127)
(-3900, 7098, 9147)
(6093, 2483, 3769)
(9554, -1673, 4464)
(2373, 7168, 2804)
(2124, 3836, 6385)
(6173, -797, 6969)
(-5440, 9203, 8582)
(8017, 6404, -2076)
(2201, 3391, 6753)
(8945, -4624, 8024)
(6082, 3060, 3203)
(5076, -2193, 9462)
(5503, 8795, -1953)
(9108, 3584, -347)
(6122, 7306, -1083)
(2700, 5681, 3964)
(7805, 6082, -1542)
(8449, 895, 3001)
(5373, -1106, 8078)
(2230, 8843, 1272)
(587, 6385, 5373)
(1425, 6082, 4838)
(7710, 2124, 2511)
(1955, 3177, 7213)
(3848, 1171, 7326)
(2121, 9623, 601)
(1188, 3584, 7573)
(3966, 214, 8165)
(2376, 9622, 347)
(6978, 9287, -3920)
(96, 2787, 9462)
(4838, 8415, -908)
(1347, 9726, 1272)
(-2252, 5541, 9056)
(7687, -952, 5610)
(9549, 7619, -4823)
(-5726, 9622, 8449)
(6770, 8843, -3268)
(7112, -383, 5616)
(-2255, 7380, 7220)
(9108, 7306, -4069)
(2373, 1955, 8017)
(9709, 400, 2236)
(5159, 4675, 2511)
(7476, 2065, 2804)
(6443, 3391, 2511)
(-1016, 5344, 8017)
(1657, 9726, 962)
(1241, 9622, 1482)
(7358, -1184, 6171)
(8763, 6784, -3202)
(7213, -1956, 7088)
(-1542, 4831, 9056)
(6358, 7172, -1185)
(8945, -2960, 6360)
(9287, -4752, 7810)
(9682, 4498, -1835)
(3731, 9287, -673)
(2832, 2981, 6532)
(4665, 8442, -762)
(8582, -6073, 9836)
(7226, -2694, 7813)
(-4956, 7380, 9921)
(6299, 7168, -1122)
(4030, -941, 9256)
(7616, -340, 5069)
(2963, 5352, 4030)
(6737, 6384, -776)
(7133, -1837, 7049)
(8582, 1425, 2338)
(2236, 3836, 6273)
(4994, -1570, 8921)
(818, 6404, 5123)
(908, 3709, 7728)
(2320, 7687, 2338)
(3976, 3709, 4660)
(304, 2450, 9591)
(7049, 7326, -2030)
(7292, -1267, 6320)
(2832, 7109, 2404)
(-1884, 4680, 9549)
(6615, 9246, -3516)
(4492, 6385, 1468)
(3687, 3998, 4660)
(451, 7133, 4761)
(4881, 9520, -2056)
(818, 5681, 5846)
(8860, 7810, -4325)
(7827, 8026, -3508)
(-6818, 9793, 9370)
(6615, 6077, -347)
(6443, 2981, 2921)
(-28, 6097, 6276)
(7810, 3590, 945)
(6410, 4831, 1104)
(-347, 5328, 7364)
(1631, 9246, 1468)
(7226, 8126, -3007)
(6566, 7220, -1441)
(6082, 9929, -3666)
(7600, -4402, 9147)
(7805, -3130, 7670)
(3391, 4146, 4808)
(7380, 4465, 500)
(6737, 2997, 2611)
(6179, 4698, 1468)
(4680, 1543, 6122)
(1272, 7109, 3964)
(48, 5328, 6969)
(-2922, 6346, 8921)
(58, 9623, 2664)
(1955, 1627, 8763)
(977, 6784, 4584)
(7007, 7827, -2489)
(4838, -641, 8148)
(9817, 6287, -3759)
(4607, -340, 8078)
(4680, 9709, -2044)
(2124, 7226, 2995)
(2344, 4465, 5536)
(6566, 6615, -836)
(998, 2700, 8647)
(7270, -779, 5854)
(451, 7168, 4726)
(-2577, 7109, 7813)
(-4250, 6674, 9921)
(8763, 5503, -1921)
(4492, 9929, -2076)
(6658, -2960, 8647)
(-1542, 3966, 9921)
(9921, 7112, -4688)
(-1383, 9203, 4525)
(7458, 2376, 2511)
(9893, -7070, 9522)
(6097, 6287, -39)
(-4698, 7673, 9370)
(5909, -719, 7155)
(6196, 8126, -1977)
(7805, -4426, 8966)
(5503, -779, 7621)
(-1106, 6346, 7105)
(9709, 8442, -5806)
(4808, 3073, 4464)
(-2709, 9777, 5277)
(4606, 1543, 6196)
(818, 4169, 7358)
(7805, -2694, 7234)
(-5796, 9510, 8631)
(3966, 1053, 7326)
(5811, -2708, 9242)
(5035, 9287, -1977)
(3664, 7213, 1468)
(8647, -3666, 7364)
(7105, 7270, -2030)
(-4250, 6770, 9825)
(6179, -2694, 8860)
(5867, 4248, 2230)
(-6172, 9444, 9073)
(-661, 6827, 6179)
(9591, 6262, -3508)
(-878, 9242, 3981)
(7084, 7626, -2365)
(6987, 7155, -1797)
(-6552, 9682, 9215)
(6173, 4825, 1347)
(96, 9246, 3003)
(-1865, 7098, 7112)
(5127, 4217, 3001)
(14, 2839, 9492)
(2294, 3485, 6566)
(-1296, 6646, 6995)
(4978, 279, 7088)
(7326, -1950, 6969)
(2963, 6978, 2404)
(9510, -6719, 9554)
(3203, 7220, 1922)
(6181, 2981, 3183)
(4464, 3848, 4033)
(4660, 6217, 1468)
(-3601, 8841, 7105)
(-2171, 7282, 7234)
(9462, -3775, 6658)
(9492, 4929, -2076)
(4884, 895, 6566)
(2963, 3203, 6179)
(6262, -2838, 8921)
(-64, 7282, 5127)
(6589, 1775, 3981)
(9462, -3026, 5909)
(5694, 7836, -1185)
(7600, 7583, -2838)
(3177, 2997, 6171)
(7168, 3709, 1468)
(-654, 8415, 4584)
(2493, 3998, 5854)
(1657, 4665, 6023)
(5867, 2086, 4392)
(5328, 1882, 5135)
(-1483, 7805, 6023)
(9520, 7626, -4801)
(1425, 1428, 9492)
(8561, 3284, 500)
(5965, 3177, 3203)
(-673, 6360, 6658)
(7850, -4426, 8921)
(7673, 4172, 500)
(5135, 3177, 4033)
(-4076, 8945, 7476)
(4248, 2012, 6085)
(4217, 400, 7728)
(9622, 6007, -3284)
(5035, 97, 7213)
(7670, -2213, 6888)
(9949, -2412, 4808)
(3057, 6287, 3001)
(962, 2236, 9147)
(8582, 6770, -3007)
(5543, 8414, -1612)
(9672, 187, 2486)
(-2365, 5495, 9215)
(-347, 5076, 7616)
(7850, -2163, 6658)
(-2577, 6360, 8562)
(3068, 2450, 6827)
(8921, 3981, -557)
(7270, 2978, 2097)
(5541, 3731, 3073)
(8795, 97, 3453)
(-2511, 9246, 5610)
(5952, -1065, 7458)
(7292, -1122, 6175)
(3382, 3969, 4994)
(3001, 96, 9248)
(4607, 4665, 3073)
(6462, 2700, 3183)
(8148, 97, 4100)
(6615, 6287, -557)
(4169, 4146, 4030)
(2839, 6674, 2832)
(6082, -950, 7213)
(8945, 7626, -4226)
(-1961, 5543, 8763)
(7226, -2708, 7827)
(8921, 7035, -3611)
(5159, 9242, -2056)
(7549, 2483, 2313)
(8533, 7712, -3900)
(9949, 6770, -4374)
(2859, 4994, 4492)
(7476, -1508, 6377)
(7358, 2344, 2643)
(1378, 5891, 5076)
(8449, -1838, 5734)
(3548, 5344, 3453)
(1627, 6737, 3981)
(2483, 2012, 7850)
(8795, -3756, 7306)
(8705, -4226, 7866)
(8415, 949, 2981)
(-730, 9622, 3453)
(2124, 3068, 7153)
(8561, 601, 3183)
(3602, 3584, 5159)
(1053, 7017, 4275)
(-4748, 9520, 7573)
(7084, 2012, 3249)
(-2365, 7234, 7476)
(9825, 2173, 347)
(2602, 7549, 2194)
(6753, -1296, 6888)
(9921, -6832, 9256)
(6995, 2995, 2355)
(7832, -4250, 8763)
(2865, 1894, 7586)
(3003, -28, 9370)
(4909, -1327, 8763)
(5477, 5891, 977)
(6360, 7468, -1483)
(-5643, 8414, 9574)
(8705, 6737, -3097)
(2294, 6978, 3073)
(3183, 2762, 6400)
(8026, 1627, 2692)
(7168, 2700, 2477)
(9672, 3230, -557)
(-5726, 9510, 8561)
(2404, 5477, 4464)
(6316, 4169, 1860)
(9030, 4698, -1383)
(5949, 5124, 1272)
(4392, 9444, -1491)
(5352, 6276, 717)
(9073, 4217, -945)
(-2343, 7600, 7088)
(9921, -6025, 8449)
(6179, 5567, 599)
(-1382, 6173, 7554)
(7583, -779, 5541)
(6358, -3962, 9949)
(2486, 3836, 6023)
(-2056, 6384, 8017)
(5610, 7292, -557)
(895, 6077, 5373)
(7458, 6995, -2108)
(7827, 3804, 714)
(2320, 1104, 8921)
(5159, 4831, 2355)
(2344, 4498, 5503)
(5035, 7836, -526)
(-719, 7712, 5352)
(9793, -4232, 6784)
(4030, 4862, 3453)
(4169, -1398, 9574)
(7670, 7458, -2783)
(3973, 5069, 3303)
(3843, 8126, 376)
(4446, 5495, 2404)
(4808, 7626, -89)
(9583, -6608, 9370)
(9777, -2567, 5135)
(-734, 3709, 9370)
(-734, 5967, 7112)
(6225, 97, 6023)
(6316, 9929, -3900)
(1704, 3068, 7573)
(8414, 9246, -5315)
(8415, -2255, 6185)
(7458, 2602, 2285)
(-734, 7212, 5867)
(3769, -672, 9248)
(8026, 6077, -1758)
(-1122, 7600, 5867)
(7728, 5495, -878)
(5503, -2213, 9055)
(6262, -1275, 7358)
(7234, 6056, -945)
(7292, -4409, 9462)
(9554, -3962, 6753)
(2194, 895, 9256)
(5734, 7380, -769)
(7168, 9246, -4069)
(6360, 5681, 304)
(2664, 7084, 2597)
(904, 7468, 3973)
(6827, 7626, -2108)
(9444, 97, 2804)
(4862, -383, 7866)
(9591, -4800, 7554)
(8640, 7226, -3521)
(7600, 8126, -3381)
(7616, 3731, 998)
(5952, 8945, -2552)
(9520, -2153, 4978)
(8945, -2567, 5967)
(-3345, 9519, 6171)
(9836, 8026, -5517)
(9893, -4301, 6753)
(3843, 9777, -1275)
(1347, 7017, 3981)
(-681, 7292, 5734)
(-1758, 5541, 8562)
(6385, 9030, -3070)
(9549, -6460, 9256)
(9885, 2787, -327)
(9622, 354, 2369)
