(-581, 270, -89)
(-679, 659, -380)
(-889, 659, -170)
(-170, 594, -824)
(707, -795, -312)
(-579, 647, -468)
(83, -798, 315)
(578, -133, -845)
(-510, -718, 828)
(-296, 532, -636)
(-888, 643, -155)
(757, -760, -397)
(-597, -358, 555)
(-153, -66, -181)
(-268, -960, 828)
(-510, -346, 456)
(324, 34, -758)
(472, -346, -526)
(-397, 692, -695)
(-606, -296, 502)
(516, -747, -169)
(-795, -16, 411)
(133, -936, 403)
(-692, 813, -521)
(-695, 83, 212)
(-591, 770, -579)
(-89, -889, 578)
(-591, 34, 157)
(-190, 287, -497)
(116, -728, 212)
(707, -360, -747)
(-888, 885, -397)
(-579, -337, 516)
(863, -795, -468)
(315, -824, 109)
(-736, 659, -323)
(-346, 638, -692)
(564, -795, -169)
(-174, 207, -433)
(-296, 687, -791)
(-350, 795, -845)
(-758, 275, 83)
(504, -749, -155)
(-750, 34, 316)
(647, -251, -796)
(638, -889, -149)
(-268, -904, 772)
(-919, 410, 109)
(-473, 679, -606)
(355, -936, 181)
(287, -337, -350)
(229, -904, 275)
(-380, -510, 490)
(-387, -976, 963)
(-181, -534, 315)
(-155, -747, 502)
(-268, -543, 411)
(-692, 461, -169)
(-153, 133, -380)
(157, -865, 308)
(-521, 647, -526)
(-397, -620, 617)
(-149, 270, -521)
(-510, 583, -473)
(-644, -337, 581)
(-904, 659, -155)
(-904, -170, 674)
(34, -749, 315)
(-781, -447, 828)
(338, 181, -919)
(-350, -358, 308)
(757, -366, -791)
(-350, -807, 757)
(-387, 679, -692)
(157, -89, -468)
(-984, 112, 472)
(-798, 795, -397)
(-796, 287, 109)
(-133, 643, -910)
(142, -749, 207)
(-692, -16, 308)
(-169, -733, 502)
(-591, 659, -468)
(180, -268, -312)
(-380, -346, 326)
(828, -795, -433)
(-155, 450, -695)
(-174, -728, 502)
(-268, -447, 315)
(972, -904, -468)
(679, -831, -248)
(450, 5, -855)
(-366, -358, 324)
(-521, -831, 952)
(142, -16, -526)
(-366, -620, 586)
(596, -728, -268)
(-725, 659, -334)
(-919, 952, -433)
(-268, -889, 757)
(828, -831, -397)
(581, -190, -791)
(-66, -889, 555)
(727, -781, -346)
(-591, -16, 207)
(-133, -350, 83)
(-169, 464, -695)
(-190, -807, 597)
(83, -904, 421)
(34, -543, 109)
(-781, 239, 142)
(596, -360, -636)
(-370, 489, -519)
(-796, 189, 207)
(-855, 346, 109)
(-591, -597, 788)
(-380, -358, 338)
(-268, -718, 586)
(383, -350, -433)
(-190, 750, -960)
(828, -760, -468)
(229, 355, -984)
(619, -174, -845)
(-133, -733, 466)
(207, 355, -962)
(-38, -591, 229)
(-149, 355, -606)
(289, -831, 142)
(-268, -733, 601)
(157, -38, -519)
(-534, -447, 581)
(-387, -591, 578)
(240, 270, -910)
(-747, 659, -312)
(-296, -796, 692)
(-984, 181, 403)
(972, -736, -636)
(562, -52, -910)
(-998, 239, 359)
(-30, -781, 411)
(-133, -447, 180)
(-644, -728, 972)
(-346, 770, -824)
(-358, 813, -855)
(-644, 770, -526)
(-174, -692, 466)
(-174, 565, -791)
(-591, -781, 972)
(-591, 324, -133)
(-366, -360, 326)
(793, -760, -433)
(532, -620, -312)
(-346, -16, -38)
(-149, 594, -845)
(692, -758, -334)
(-497, 565, -468)
(354, -52, -702)
(-597, 594, -397)
(-824, 270, 154)
(555, 5, -960)
(-380, -366, 346)
(-38, -781, 419)
(287, -976, 289)
(-644, 594, -350)
(679, -889, -190)
(289, -170, -519)
(-855, 34, 421)
(324, -337, -387)
(456, -337, -519)
(562, -807, -155)
(189, -904, 315)
(133, -795, 262)
(-447, 638, -591)
(-153, -749, 502)
(-380, 727, -747)
(424, -66, -758)
(116, 275, -791)
(687, -337, -750)
(-397, 788, -791)
(788, -190, -998)
(-323, 885, -962)
(-468, 674, -606)
(-16, -251, -133)
(-337, 410, -473)
(-66, -795, 461)
(181, -889, 308)
(-510, -597, 707)
(461, -728, -133)
(-174, 772, -998)
(-89, -534, 223)
(316, -248, -468)
(-346, -543, 489)
(-397, 516, -519)
(-366, 262, -296)
(157, -976, 419)
(562, -781, -181)
(-358, 594, -636)
(-248, -733, 581)
(-831, -170, 601)
(-736, 723, -387)
(-796, 565, -169)
(275, -149, -526)
(-824, 5, 419)
(-268, 659, -791)
(735, -337, -798)
(289, -534, -155)
(-807, 324, 83)
(813, -251, -962)
(-796, -190, 586)
(-323, -579, 502)
(-397, -796, 793)
(-312, -447, 359)
(-248, -749, 597)
(316, -190, -526)
(-521, 5, 116)
(-636, -521, 757)
(-798, 895, -497)
(324, -904, 180)
(-497, 952, -855)
(181, -543, -38)
(586, -831, -155)
(-149, 659, -910)
(757, -976, -181)
(-581, 355, -174)
(-936, 112, 424)
(-346, -170, 116)
(461, -831, -30)
(133, 355, -888)
(-155, 674, -919)
(324, -251, -473)
(403, 116, -919)
(-153, -736, 489)
(-998, 489, 109)
(-38, -66, -296)
(275, 287, -962)
(788, -865, -323)
(-397, -581, 578)
(564, 34, -998)
(461, -16, -845)
(-936, 34, 502)
(432, -251, -581)
(180, 275, -855)
(-636, -268, 504)
(-268, 723, -855)
(643, -795, -248)
(-346, -728, 674)
(-620, 410, -190)
(885, -679, -606)
(240, -749, 109)
(-323, -581, 504)
(707, -581, -526)
(-296, -620, 516)
(-334, -644, 578)
(-620, -358, 578)
(-323, -543, 466)
(-824, -66, 490)
(34, -760, 326)
(597, -380, -617)
(308, -534, -174)
(-597, 723, -526)
(-888, -16, 504)
(-133, -831, 564)
(-702, 735, -433)
(324, -936, 212)
(581, -807, -174)
(142, -387, -155)
(142, 456, -998)
(-510, 727, -617)
(-52, 410, -758)
(5, -760, 355)
(432, -679, -153)
(-791, -30, 421)
(403, -370, -433)
(-617, 5, 212)
(464, -66, -798)
(-296, 643, -747)
(-155, 223, -468)
(450, -52, -798)
(555, -781, -174)
(793, -725, -468)
(-155, -591, 346)
(-387, -170, 157)
(-888, 308, 180)
(157, -960, 403)
(770, -534, -636)
(-153, -889, 642)
(83, -149, -334)
(-153, -534, 287)
(223, 287, -910)
(-976, 112, 464)
(5, 239, -644)
(564, -358, -606)
(770, -251, -919)
(-248, -268, 116)
(-370, -534, 504)
(-795, -170, 565)
(813, -679, -534)
(-358, 355, -397)
(-473, -346, 419)
(359, -153, -606)
(142, -888, 346)
(834, -346, -888)
(-30, 355, -725)
(324, -543, -181)
(642, -251, -791)
(836, -534, -702)
(-521, 727, -606)
(-725, -447, 772)
(578, -16, -962)
(223, -190, -433)
(-149, -360, 109)
(472, -170, -702)
(308, -824, 116)
(-702, 770, -468)
(289, -798, 109)
(324, -534, -190)
(727, -831, -296)
(750, -976, -174)
(-149, -597, 346)
(83, 308, -791)
(-350, -692, 642)
(-910, 679, -169)
(-370, -346, 316)
(-350, -366, 316)
(-346, -733, 679)
(-366, 583, -617)
(578, -510, -468)
(-636, 410, -174)
(586, -350, -636)
(-312, 757, -845)
(-750, -251, 601)
(289, -366, -323)
(-591, -581, 772)
(972, -581, -791)
(-692, 112, 180)
(586, -380, -606)
(-358, -749, 707)
(411, 34, -845)
(-268, -824, 692)
(-758, 532, -174)
(-66, -976, 642)
(450, 112, -962)
(-268, -749, 617)
(-702, 828, -526)
(-89, 687, -998)
(157, 239, -796)
(270, -358, -312)
(116, -831, 315)
(620, -865, -155)
(-521, 594, -473)
(287, 5, -692)
(-526, 594, -468)
(-350, 262, -312)
(154, -380, -174)
(885, -366, -919)
