(770, 432, -702)
(-760, 659, 601)
(-889, 594, 795)
(-251, 594, 157)
(707, 410, -617)
(-796, 885, 411)
(308, 828, -636)
(564, -380, 316)
(154, -346, 692)
(450, -66, 116)
(489, 647, -636)
(464, -736, 772)
(759, 262, -521)
(770, -889, 619)
(-153, 270, 383)
(400, -728, 828)
(-89, 34, 555)
(461, -581, 620)
(642, -644, 502)
(-350, 643, 207)
(240, -692, 952)
(83, 34, 383)
(597, -251, 154)
(-795, 410, 885)
(-52, 133, 419)
(885, 112, -497)
(207, 819, -526)
(952, 154, -606)
(596, -831, 735)
(692, 770, -962)
(-824, 727, 597)
(-591, 911, 180)
(189, -153, 464)
(223, 432, -155)
(707, 638, -845)
(895, 450, -845)
(735, -543, 308)
(-521, 555, 466)
(597, 400, -497)
(212, -133, 421)
(911, -976, 565)
(-597, 565, 532)
(354, -66, 212)
(963, 456, -919)
(-747, 828, 419)
(-133, 410, 223)
(617, -736, 619)
(338, 410, -248)
(735, 262, -497)
(-155, 189, 466)
(-758, 638, 620)
(354, -170, 316)
(-679, 583, 596)
(647, -679, 532)
(972, -581, 109)
(116, 707, -323)
(-323, 643, 180)
(504, 308, -312)
(-358, 583, 275)
(-695, 836, 359)
(707, -52, -155)
(456, -534, 578)
(229, 583, -312)
(-807, 687, 620)
(383, 972, -855)
(597, 813, -910)
(289, 679, -468)
(642, -251, 109)
(972, -936, 464)
(885, -597, 212)
(-153, 181, 472)
(338, 532, -370)
(617, -718, 601)
(275, 972, -747)
(289, 581, -370)
(-38, 687, -149)
(-510, 770, 240)
(-644, 181, 963)
(-904, 647, 757)
(432, 594, -526)
(-66, 34, 532)
(813, 647, -960)
(-387, 707, 180)
(338, 659, -497)
(759, 596, -855)
(338, -597, 759)
(-380, 723, 157)
(-268, -66, 834)
(562, -337, 275)
(735, -66, -169)
(490, -170, 180)
(834, -153, -181)
(836, -543, 207)
(885, -889, 504)
(-323, 464, 359)
(316, 617, -433)
(555, -889, 834)
(788, 674, -962)
(863, -543, 180)
(229, 594, -323)
(400, 795, -695)
(597, 424, -521)
(772, 583, -855)
(972, -149, -323)
(-380, 565, 315)
(679, 819, -998)
(-89, 770, -181)
(-366, 410, 456)
(-725, 647, 578)
(83, 586, -169)
(836, -760, 424)
(-366, 750, 116)
(679, -760, 581)
(757, 240, -497)
(-497, 586, 411)
(326, 355, -181)
(116, 275, 109)
(972, -976, 504)
(400, 450, -350)
(643, 819, -962)
(-695, 594, 601)
(-447, -16, 963)
(-473, 562, 411)
(727, 270, -497)
(555, 647, -702)
(834, -38, -296)
(142, 532, -174)
(189, -89, 400)
(-798, 895, 403)
(34, 5, 461)
(687, -749, 562)
(679, -936, 757)
(472, -591, 619)
(490, -749, 759)
(952, -798, 346)
(596, -66, -30)
(-149, 133, 516)
(972, -831, 359)
(-497, 578, 419)
(788, -889, 601)
(189, -251, 562)
(400, -736, 836)
(456, -728, 772)
(-636, 620, 516)
(642, 355, -497)
(834, -976, 642)
(116, 565, -181)
(287, 583, -370)
(-38, 34, 504)
(963, 5, -468)
(581, -597, 516)
(400, -16, 116)
(828, -16, -312)
(-736, 594, 642)
(-807, 355, 952)
(-984, 532, 952)
(223, 674, -397)
(-181, 836, -155)
(578, -679, 601)
(963, 34, -497)
(472, -760, 788)
(562, -534, 472)
(109, -30, 421)
(-380, 461, 419)
(-190, 112, 578)
(504, 464, -468)
(-747, 490, 757)
(562, 112, -174)
(-692, 229, 963)
(-620, 659, 461)
(-360, 181, 679)
(-534, 239, 795)
(-620, 565, 555)
(772, 638, -910)
(180, 788, -468)
(-397, 581, 316)
(772, 647, -919)
(578, 355, -433)
(596, -889, 793)
(819, -936, 617)
(-366, 270, 596)
(154, 819, -473)
(532, 355, -387)
(-581, 727, 354)
(287, 461, -248)
(597, -337, 240)
(516, 679, -695)
(354, -370, 516)
(472, 819, -791)
(181, -170, 489)
(262, -581, 819)
(324, 34, 142)
(229, -346, 617)
(963, -66, -397)
(466, -312, 346)
(287, -251, 464)
(707, -447, 240)
(-644, 723, 421)
(679, 133, -312)
(581, -976, 895)
(142, 275, 83)
(461, -733, 772)
(180, 793, -473)
(287, -16, 229)
(-190, 450, 240)
(692, 142, -334)
(229, -153, 424)
(-52, 410, 142)
(687, 410, -597)
(-153, 34, 619)
(-149, 679, -30)
(-796, 679, 617)
(223, 750, -473)
(723, 687, -910)
(240, 583, -323)
(863, -865, 502)
(617, 578, -695)
(-725, 262, 963)
(464, 834, -798)
(403, 952, -855)
(692, 727, -919)
(432, 659, -591)
(-865, 638, 727)
(-781, 594, 687)
(750, -831, 581)
(-89, 432, 157)
(461, -718, 757)
(315, 5, 180)
(-747, 555, 692)
(-397, 788, 109)
(262, -251, 489)
(-702, 239, 963)
(-597, 647, 450)
(240, -360, 620)
(532, 813, -845)
(-268, 659, 109)
(383, 643, -526)
(400, 679, -579)
(-358, 239, 619)
(643, -760, 617)
(34, 112, 354)
(911, -749, 338)
(793, 562, -855)
(-334, 270, 564)
(828, -644, 316)
(383, 723, -606)
(-397, 34, 863)
(326, -66, 240)
(262, -358, 596)
(972, -679, 207)
(490, -591, 601)
(207, -66, 359)
(581, 555, -636)
(-617, 324, 793)
(456, 565, -521)
(355, -170, 315)
(490, -824, 834)
(180, 489, -169)
(836, 583, -919)
(240, 594, -334)
(116, -579, 963)
(490, 972, -962)
(-702, 638, 564)
(617, 674, -791)
(-725, 583, 642)
(424, -510, 586)
(735, -447, 212)
(461, 565, -526)
(963, 287, -750)
(-521, 638, 383)
(565, 432, -497)
(-248, 594, 154)
(287, 819, -606)
(759, 532, -791)
(770, -760, 490)
(723, -679, 456)
(770, -736, 466)
(532, -534, 502)
(-181, 270, 411)
(-728, 647, 581)
(597, -960, 863)
(461, -795, 834)
(-798, 679, 619)
(-510, 723, 287)
(-747, 836, 411)
(-468, 466, 502)
(287, -170, 383)
(326, 647, -473)
(-725, 723, 502)
(289, 828, -617)
(354, -358, 504)
(532, -358, 326)
(723, -865, 642)
(432, -760, 828)
(788, -133, -155)
(424, -66, 142)
(400, -543, 643)
(-174, 565, 109)
(400, -366, 466)
(-581, 565, 516)
(674, -760, 586)
(-387, 647, 240)
(-984, 727, 757)
(464, 562, -526)
(707, -679, 472)
(-133, 287, 346)
(504, -350, 346)
(-296, 450, 346)
(674, 432, -606)
(464, 555, -519)
(346, -447, 601)
(262, -534, 772)
(34, 647, -181)
(735, 490, -725)
(735, 727, -962)
(181, 112, 207)
(895, 355, -750)
(562, 555, -617)
(83, 885, -468)
(895, -749, 354)
(461, -824, 863)
(643, -366, 223)
(836, 270, -606)
(963, -30, -433)
(836, 34, -370)
(-89, -170, 759)
(270, -170, 400)
(239, 410, -149)
(432, 647, -579)
(620, 735, -855)
(617, 793, -910)
(642, 326, -468)
(424, 834, -758)
(759, -725, 466)
(-181, 262, 419)
(157, -620, 963)
(489, 532, -521)
(586, 759, -845)
(-824, 723, 601)
(324, -581, 757)
(154, -296, 642)
(586, -728, 642)
(229, 461, -190)
(464, -581, 617)
(828, -749, 421)
(-733, 270, 963)
(674, -736, 562)
(308, -760, 952)
(516, -617, 601)
(-510, 432, 578)
(326, 972, -798)
(-795, 432, 863)
(5, 112, 383)
(354, 643, -497)
(315, 354, -169)
(-733, 647, 586)
(643, -936, 793)
(472, 461, -433)
(617, 489, -606)
(432, -904, 972)
(355, -718, 863)
(-534, 355, 679)
(-323, 181, 642)
(642, 464, -606)
(863, -679, 316)
(403, 565, -468)
(836, -644, 308)
(885, -89, -296)
(466, -387, 421)
(562, -679, 617)
(461, -749, 788)
(-296, 687, 109)
(419, 687, -606)
(157, 189, 154)
(-725, 432, 793)
(326, -38, 212)
(154, -170, 516)
(157, -16, 359)
(456, -749, 793)
(-350, 638, 212)
(735, -581, 346)
(223, -38, 315)
(-30, -89, 619)
(324, -170, 346)
(727, 133, -360)
(750, 638, -888)
(-38, 707, -169)
(308, 562, -370)
(338, -153, 315)
(757, 262, -519)
(-702, 583, 619)
(472, 324, -296)
(338, -733, 895)
(-360, 410, 450)
(-366, 659, 207)
(154, -447, 793)
(424, -543, 619)
(-248, 324, 424)
(772, -889, 617)
(-370, 555, 315)
(581, -190, 109)
(819, -170, -149)
(-380, 456, 424)
(757, -366, 109)
(-190, 287, 403)
(-248, 432, 316)
(504, -387, 383)
(133, -16, 383)
(403, 594, -497)
(564, 727, -791)
(619, 400, -519)
(400, -795, 895)
(-174, 315, 359)
(735, -510, 275)
(-781, 638, 643)
(-89, 133, 456)
(972, 324, -796)
(-497, 638, 359)
(223, 972, -695)
(-824, 565, 759)
(83, 308, 109)
(-960, 565, 895)
(727, -543, 316)
(223, 647, -370)
(424, 410, -334)
(793, -795, 502)
(275, -534, 759)
(-617, 154, 963)
(564, -447, 383)
(707, -824, 617)
(-702, 819, 383)
(-473, 354, 619)
(338, 5, 157)
(472, 723, -695)
(-387, 270, 617)
