(186, 38, -124)
(-136, 42, 194)
(186, -95, 9)
(122, -98, 76)
(193, 42, -135)
(194, 38, -132)
(180, -135, 55)
(-163, 149, 114)
(-163, 186, 77)
(15, 9, 76)
(125, -17, -8)
(15, -98, 183)
(15, -95, 180)
(125, -163, 138)
(93, 15, -8)
(125, -59, 34)
(39, 193, -132)
(-55, 162, -7)
(-187, 149, 138)
(95, 177, -172)
(-11, 77, 34)
(98, -136, 138)
(24, 42, 34)
(-23, 162, -39)
(-23, 9, 114)
(-55, 194, -39)
(98, 186, -184)
(-187, 162, 125)
(122, -136, 114)
(-7, 9, 98)
(-187, 194, 93)
(122, 162, -184)
(24, -17, 93)
(55, 177, -132)
(95, 9, -4)
